0 46 0.542797
0 14 0.609255
0 19 0.76207
0 15 0.772505
0 24 0.799184
0 38 0.716826
0 1 0.628168
0 40 0.566558
0 33 0.737177
0 36 0.798122
0 12 0.653595
12 7 0.793926
1 11 0.758958
19 6 0.583279
1 48 0.557855
40 22 0.565137
19 37 0.664424
1 22 0.532589
36 37 0.628306
1 6 0.514908
46 37 0.560267
24 37 0.570277
12 6 0.737327
36 48 0.502634
15 7 0.753224
19 22 0.577362
46 26 0.692542
38 4 0.775667
14 42 0.757481
46 5 0.692774
36 6 0.726575
33 42 0.791217
1 5 0.547501
33 6 0.585694
19 26 0.730352
40 42 0.580437
46 6 0.676438
33 26 0.628692
14 22 0.71474
12 26 0.678808
46 11 0.709557
1 7 0.704623
19 11 0.749592
38 22 0.776171
19 7 0.572443
38 7 0.693823
15 48 0.690721
38 6 0.738826
33 5 0.572486
14 48 0.53394
38 37 0.724674
12 22 0.687613
40 11 0.571489
33 7 0.635039
1 37 0.514639
36 4 0.572301
36 42 0.62708
1 4 0.680615
1 26 0.668191
38 5 0.780093
19 42 0.531252
24 11 0.696662
40 48 0.503604
15 4 0.573155
40 26 0.776954
24 5 0.601316
14 5 0.679754
24 22 0.726223
12 4 0.613575
15 5 0.526832
14 37 0.764554
12 5 0.544879
15 42 0.797106
12 42 0.696221
48 20 0.658809
7 18 0.67662
7 23 0.676322
5 47 0.694602
6 3 0.682102
5 39 0.739044
11 47 0.530477
26 18 0.776666
4 23 0.548702
5 44 0.726819
42 9 0.666945
22 9 0.781022
48 18 0.762513
11 20 0.694448
5 21 0.514469
42 39 0.56849
22 28 0.576186
7 2 0.560111
4 39 0.57863
26 2 0.789743
4 47 0.756275
6 21 0.617935
26 47 0.740235
22 3 0.593618
22 39 0.740348
11 28 0.594034
11 44 0.514804
42 20 0.552184
5 23 0.559855
4 21 0.667573
26 21 0.692131
26 28 0.672288
4 2 0.572137
4 44 0.753139
42 47 0.501514
48 3 0.586281
5 18 0.765512
22 21 0.564668
26 23 0.727994
37 23 0.514251
42 44 0.672009
11 21 0.630444
7 47 0.623922
5 20 0.798935
48 23 0.688806
5 28 0.774496
37 18 0.660257
4 18 0.636281
42 28 0.603117
22 23 0.651384
42 2 0.64641
22 44 0.679767
6 28 0.522967
42 23 0.542374
11 39 0.589329
11 3 0.796519
11 18 0.63487
22 47 0.580564
11 2 0.603117
4 28 0.544784
7 28 0.755576
5 9 0.679172
11 23 0.700378
7 39 0.503997
48 39 0.641022
6 2 0.70896
26 20 0.699072
37 28 0.765432
26 44 0.646552
6 9 0.62566
39 43 0.696036
28 35 0.791909
47 10 0.721231
28 10 0.562642
20 13 0.62836
39 13 0.590057
28 32 0.73228
20 35 0.536647
2 45 0.671076
44 16 0.738709
21 45 0.577872
2 10 0.541761
47 25 0.584527
9 35 0.510736
21 32 0.535748
18 10 0.740718
23 35 0.707268
20 16 0.760042
23 25 0.774351
2 16 0.622391
44 13 0.743229
28 16 0.547083
44 31 0.747998
3 35 0.570365
23 10 0.728598
18 25 0.520004
21 31 0.671404
2 43 0.745747
9 43 0.792255
18 31 0.533689
28 43 0.511314
28 25 0.739436
2 13 0.694839
18 35 0.651068
23 32 0.784088
18 45 0.707476
2 32 0.519037
3 25 0.735355
23 16 0.511808
44 25 0.656615
28 13 0.740795
9 16 0.584259
47 45 0.514705
44 10 0.783078
9 25 0.615955
44 32 0.795331
23 43 0.69385
9 32 0.77322
9 10 0.786738
47 31 0.54355
3 32 0.564928
3 16 0.503094
21 10 0.630094
2 31 0.522463
3 31 0.711632
18 16 0.633233
20 10 0.505071
43 34 0.79383
31 30 0.706803
10 30 0.530844
16 8 0.600192
45 27 0.5634
32 29 0.754222
32 17 0.795042
16 27 0.519139
32 30 0.764053
43 8 0.610508
43 17 0.586021
43 27 0.697368
35 34 0.689282
43 30 0.515348
13 27 0.507876
45 29 0.785182
35 30 0.754088
10 41 0.61063
32 41 0.673805
10 27 0.657036
13 34 0.671395
25 29 0.629779
45 30 0.738159
31 17 0.733284
13 17 0.761654
32 34 0.641365
16 34 0.758569
13 29 0.500195
43 29 0.740913
43 41 0.541656
35 29 0.534658
25 30 0.622531
35 17 0.758809
31 29 0.583986
25 17 0.573629
35 41 0.597123
35 8 0.617473
13 8 0.684574
10 8 0.549514
25 27 0.77837
25 8 0.778326
30 49 0.711071
27 49 0.641807
29 49 0.563516
17 49 0.584901
8 49 0.537881
41 49 0.7509
34 49 0.522075
