30 29024 19927 42023 0
30 35438 51329 61207 0
30 37959 12514 43707 0
30 26751 71121 51351 0
30 29639 30701 54097 0
30 34634 57775 66775 0
30 31605 20770 51460 0
30 22017 15189 37035 4039
30 25600 38112 51642 902
30 32635 50087 52737 0
30 20876 11107 28131 0
30 34391 32513 50622 0
30 19300 17893 28721 0
30 21831 38493 45268 0
30 37224 71574 64695 0
30 19607 14731 29907 0
30 41728 50434 56047 0
30 19978 13895 26130 0
30 23858 36075 48272 0
30 32866 13323 44335 2070
30 20184 32654 34455 0
30 41075 33884 63715 0
30 33952 33890 49568 0
30 34048 34123 46473 0
30 34701 66424 57980 0
30 21153 13281 39214 0
30 28356 26613 47045 0
30 19452 6659 20525 0
30 34140 31248 48531 0
30 29926 13656 31603 0
30 32410 11374 40402 0
30 23903 43613 46650 0
30 35730 37083 57456 0
30 35466 29064 45835 1524
30 29805 39279 51541 0
30 29906 29413 47951 0
30 26104 90390 55512 0
30 26188 19337 41077 0
30 25087 36239 41875 0
30 25694 20359 39061 0
30 25738 24240 39496 5432
30 28946 38658 57450 0
30 21287 45100 53999 0
30 33450 17779 49278 0
30 31914 54534 57141 0
30 29454 15726 30647 488
30 32528 70400 52846 0
30 22150 38387 42425 0
30 28492 32803 41501 0
30 34028 54762 52298 0
30 26144 16715 30454 0
30 28761 22401 41469 0
30 32844 61963 57913 0
30 22224 43177 45575 1757
30 19039 27454 37980 0
30 19422 11558 30664 0
30 25840 25168 35343 0
30 31708 46614 56029 0
30 23872 18744 36179 0
30 42920 70557 68969 0
30 36922 45576 57702 0
30 32094 76901 60078 0
30 27644 47847 46011 0
30 19316 21091 29630 0
30 41140 81945 75680 0
30 40537 48693 54571 0
30 28166 26471 41388 0
30 23317 17933 38900 0
30 27327 15646 32355 561
30 32537 38950 47676 0
30 29065 10194 28562 0
30 30286 44673 61482 0
30 25341 54986 47690 0
30 24415 9925 33076 0
30 24725 23759 43398 0
30 19384 18226 34387 0
30 23214 12872 24365 0
30 27597 80970 57223 0
30 28849 39065 49134 0
30 22040 56891 47820 0
30 24180 23498 33873 0
30 29170 22606 43617 0
30 42051 85565 79465 0
30 17620 7029 26628 0
30 29304 39084 52337 2685
30 31083 33740 53066 0
30 17967 5629 22068 0
30 26501 55771 53111 0
30 27011 19649 43869 0
30 40210 46812 49477 0
30 31564 42619 46667 0
30 39516 36898 53296 0
30 25975 37650 48610 0
30 26927 20693 44722 0
30 26064 22989 37484 0
30 20668 8687 31771 0
30 42066 55843 57212 0
30 25131 43582 55964 0
30 35273 27108 50455 0
30 21101 68504 55771 0
