30 72570 68083 76637 5717
30 92718 56854 90439 4098
30 73882 38127 71736 0
30 57540 45597 56045 0
30 58456 53294 60776 0
30 51207 15581 47182 0
30 77055 104143 82651 0
30 35162 26983 39456 0
30 58089 13508 53668 0
30 50554 46845 58556 0
30 79418 90146 80449 0
30 84210 60435 82405 0
30 41034 9290 36555 0
30 36504 17421 35354 0
30 94618 85389 90026 0
30 56793 39058 60467 0
30 61712 47337 61637 0
30 42330 2329 33145 0
30 40369 54077 45584 0
30 76144 41486 77896 0
30 62521 9266 40412 0
30 43650 6787 31594 0
30 67554 24260 60838 0
30 84463 46577 86947 0
30 66683 32167 66577 0
30 43544 63430 55699 0
30 85834 69764 80438 0
30 48216 18783 57427 0
30 35625 70913 49344 0
30 67610 27734 63250 0
30 44449 21034 52692 0
30 67675 18438 49927 0
30 50816 14177 39267 0
30 66990 17568 60929 0
30 59343 32007 54630 0
30 59880 7052 59714 0
30 88411 37354 74153 0
30 52099 35216 43178 0
30 78077 107371 86120 0
30 42233 18384 45307 701
30 64740 35797 60791 0
30 51084 13964 45968 0
30 40575 6501 38737 0
30 53726 32228 49234 0
30 66087 67164 70934 0
30 69448 56452 78742 0
30 55863 27650 48502 0
30 78937 69827 86024 0
30 76892 30931 74835 0
30 50163 25164 49831 0
30 60372 23134 46555 0
30 64116 21446 62115 0
30 34728 6024 34200 6494
30 71636 89090 74156 4997
30 66369 26218 62009 0
30 67548 108102 63100 0
30 49410 11852 42892 0
30 50366 48296 56334 0
30 45793 25855 34989 0
30 82289 52297 72541 0
30 53699 22841 64074 0
30 43386 17184 40558 0
30 59579 55864 76388 0
30 46093 11895 38200 0
30 90997 81121 73375 0
30 51599 36858 61109 0
30 55075 43597 54358 0
30 72222 44172 71127 7723
30 53519 62966 52362 0
30 65418 40217 61274 0
30 47138 16899 47732 0
30 60607 72987 72121 0
30 101108 70082 96214 0
30 98045 59737 88107 2959
30 76260 38775 78199 0
30 55531 46727 52239 0
30 65553 74285 67184 0
30 77810 45873 74490 0
30 68487 65317 79335 0
30 58359 76056 67811 0
30 43657 49061 55101 0
30 64737 40486 58147 0
30 37671 2927 31056 0
30 83932 44482 89225 0
30 43997 21143 43947 2427
30 54068 51041 56068 0
30 106943 63913 94634 0
30 57722 54811 48182 0
30 57859 28091 56331 0
30 67645 79639 64314 0
30 82296 50638 80275 0
30 76519 31061 67397 0
30 45220 30096 51786 0
30 39323 2590 35041 0
30 67112 25280 55087 0
30 81574 66896 75698 0
30 81800 78862 82012 0
30 71265 25107 65591 0
30 50933 35142 49610 0
30 29759 31797 33914 0
