20 12291 158484 63817 0
20 12857 57807 36687 0
20 11223 169934 73183 0
20 11788 84356 53814 0
20 10108 68511 66226 0
20 9993 109514 63909 0
20 7163 88633 47800 4
20 12633 122889 81304 0
20 13917 170695 77910 0
20 13476 129312 78802 0
20 15996 144757 80024 0
20 12182 88684 68972 0
20 11069 118355 83473 0
20 11453 144103 75639 0
20 8464 102397 75670 0
20 10399 109389 73292 0
20 16586 88089 50369 0
20 12325 188102 80269 0
20 9834 73701 53108 0
20 11827 66920 59585 0
20 10285 77282 56229 0
20 14409 154111 65054 0
20 11818 152442 77660 0
20 17896 149560 86533 0
20 14193 155729 66890 0
20 11078 86318 43213 0
20 9545 79427 61778 0
20 11761 122445 78769 0
20 13092 96719 53548 0
20 12248 124521 79739 0
20 21208 184867 82656 0
20 10297 125107 73079 0
20 12554 149492 63068 0
20 14075 113642 55028 0
20 15267 149422 74639 0
20 11701 116452 73446 0
20 12167 127739 71528 0
20 11588 99456 68070 0
20 11233 170736 74466 0
20 17605 150418 84616 0
20 14083 133161 73534 0
20 16396 199702 89123 0
20 13530 182782 76166 0
20 13996 150551 90117 0
20 13304 169691 73032 0
20 14963 71157 61290 0
20 17628 107080 70787 0
20 12198 98546 68346 0
20 9731 103621 47638 4489
20 11879 216837 91069 0
20 12805 105814 68424 0
20 11935 125680 82216 0
20 15131 47423 52997 0
20 9383 62744 44346 0
20 16572 89739 59940 0
20 8419 123275 70902 0
20 9554 166660 77841 0
20 14485 149497 93011 0
20 10009 72417 49247 18157
20 14151 192050 90247 0
20 12653 121004 77418 0
20 16802 118433 78833 0
20 16230 95570 74951 0
20 15306 97588 57376 2211
20 12113 189482 74838 0
20 12467 108418 68690 0
20 10392 69775 53892 0
20 11658 135002 77879 0
20 11534 168557 78876 0
20 14393 166120 77947 0
20 14038 72128 72060 0
20 10770 114795 72310 0
20 16562 81558 62527 3925
20 12501 70494 42113 0
20 10494 83035 69327 0
20 12394 136264 83194 0
20 11757 104028 72870 0
20 14586 121125 67357 0
20 13824 136783 77244 0
20 11238 175443 93676 0
20 14180 228836 88173 0
20 18824 157541 62221 0
20 18385 115359 83367 0
20 16063 147905 82160 0
20 12833 107071 48782 0
20 12604 153113 80535 0
20 10314 125902 66705 0
20 12998 54283 59107 0
20 12584 118098 76269 0
20 11515 99772 49474 0
20 8917 83114 65016 0
20 10702 75433 67183 5489
20 17879 140983 81978 6442
20 11396 134520 76432 0
20 21908 136418 68252 0
20 9419 54917 43785 459
20 12117 110745 55470 0
20 16557 63606 58737 0
20 13627 136969 86269 0
20 13845 237307 83999 0
