5 16767 417339 117800 0
5 24336 557021 142362 0
5 23546 416368 112287 0
5 28747 615764 150473 0
5 29949 551809 136932 0
5 17985 455385 122283 0
5 35022 398619 140488 0
5 30114 512840 144876 0
5 27366 528688 141901 0
5 24904 443621 118629 0
5 26547 501134 126897 0
5 32355 472496 143095 6560
5 27280 515727 159367 6903
5 21039 539310 135173 0
5 25380 534283 119835 0
5 23037 606305 140137 0
5 27914 506851 140857 0
5 28343 364735 120293 0
5 30812 433939 126049 0
5 21017 439267 142657 0
5 21351 433097 123223 0
5 27802 401804 138176 7671
5 28597 645995 137051 7103
5 16195 584086 124817 0
5 23657 448486 139002 0
5 17533 686001 166237 7953
5 31236 436356 135863 0
5 19456 559992 148109 0
5 14586 574811 139878 0
5 23742 500915 144551 0
5 25443 497076 116111 0
5 29023 446527 140637 0
5 30593 507190 142854 0
5 29952 572545 143871 0
5 24757 600098 143141 0
5 23607 562921 135486 0
5 17800 484276 133490 0
5 24713 514157 132196 0
5 20669 410590 135631 0
5 32131 393943 120561 6734
5 27638 477248 139340 0
5 16245 514114 114272 0
5 23193 460539 127650 0
5 25916 509485 145668 0
5 28957 416366 147648 0
5 28458 409012 135215 0
5 26840 444060 118208 0
5 24324 474098 128662 0
5 32331 536588 133463 0
5 28327 419391 122846 0
5 32260 390125 122665 0
5 25572 521294 160908 0
5 20404 380837 113823 0
5 27351 467630 132317 1473
5 27828 581252 159690 0
5 22228 493429 114257 0
5 17168 568966 111132 0
5 28963 540474 142187 0
5 18486 453375 130649 6100
5 31033 397421 143104 0
5 37426 573346 161709 0
5 13305 592756 132497 0
5 26655 566031 132892 0
5 19878 523294 133905 0
5 27490 455858 137495 5747
5 32692 400875 113598 0
5 34647 548790 164899 0
5 23379 572334 132030 0
5 18718 534559 136349 6634
5 34171 513242 151919 7601
5 25855 499044 151281 0
5 20633 532615 139631 0
5 22360 505761 152565 0
5 20220 407873 109500 6877
5 30800 648355 165043 9088
5 27118 631768 152867 0
5 30196 455067 127102 0
5 20794 459208 130959 2401
5 19179 463524 130526 0
5 28314 515257 123990 0
5 24543 415814 137475 876
5 23091 592296 148054 0
5 30547 434799 128828 5600
5 26877 500593 131597 0
5 36818 523793 137544 0
5 31034 491777 127698 0
5 30929 545839 134206 0
5 21984 490850 119813 0
5 33385 684805 136196 2025
5 15332 476570 129959 8919
5 14595 592793 133388 0
5 17754 587020 139794 0
5 24640 623804 128694 0
5 23846 481822 138953 0
5 19015 523549 144244 0
5 22146 435518 136543 7573
5 21818 546203 125210 0
5 23441 450921 125620 0
5 30471 450380 122229 0
5 26705 432436 130356 0
