10 36644 394868 115721 0
10 38384 222613 92813 0
10 58977 358161 146527 0
10 38535 369487 121753 0
10 64732 430235 150787 0
10 53691 360093 129081 0
10 61078 470636 156419 0
10 57195 278437 145704 0
10 63160 365327 148190 6870
10 48717 352408 122930 0
10 39863 445947 145336 0
10 56892 539121 156859 0
10 60047 289507 111802 0
10 53323 320764 135037 0
10 58032 376464 154806 0
10 51089 279828 122313 7326
10 42965 455248 133248 0
10 68274 402107 153086 0
10 43890 331114 125965 0
10 47055 293620 109709 0
10 59443 385110 131396 0
10 51782 374536 122754 0
10 48842 315852 125221 11335
10 40742 350608 123430 7127
10 40167 414901 127082 0
10 50487 450956 137436 0
10 61362 265189 108841 0
10 43354 358701 118006 0
10 56559 490933 146873 0
10 59521 369601 129871 0
10 45985 436618 128469 0
10 47487 354304 129374 0
10 58631 403836 136910 0
10 61626 341441 136959 0
10 51693 514693 138081 0
10 48243 390498 119428 0
10 42713 350579 116550 0
10 72321 543387 179828 0
10 56660 470102 127903 5609
10 56821 357722 128143 0
10 50307 382156 144680 0
10 59398 469067 144932 0
10 56375 368885 135327 0
10 49852 530537 137444 0
10 68529 460525 150796 0
10 65017 489871 133470 0
10 53502 330293 125477 0
10 40640 294355 95528 0
10 53971 404444 128352 0
10 48145 385960 127395 0
10 52965 449906 134773 0
10 43405 247543 102652 0
10 51532 306534 128890 0
10 63184 412030 138079 0
10 52212 522471 127819 5121
10 62463 392542 143576 0
10 44357 443202 117181 0
10 59651 423813 155506 0
10 40646 282482 94628 0
10 57844 429138 140126 0
10 62943 378198 137830 0
10 47827 494248 150695 1303
10 49926 350011 132160 0
10 61749 369307 155380 0
10 52638 385973 117826 0
10 51600 220415 124270 0
10 47289 367636 119831 5111
10 34596 263025 98612 0
10 56668 377921 139233 0
10 59303 383654 151075 0
10 43438 183780 102916 5811
10 53986 387593 134041 0
10 58672 646079 162622 5660
10 57621 477829 139106 0
10 47537 319438 124898 0
10 70615 397357 168562 6670
10 41856 410500 136515 0
10 47050 416743 123079 0
10 50693 427943 153976 6418
10 32087 503775 110549 0
10 52586 434702 137820 5791
10 68094 498752 159107 0
10 46219 536782 145246 0
10 57197 428440 137320 0
10 35500 469483 114898 0
10 69476 500348 129302 0
10 57248 336665 126882 0
10 64832 458022 167953 6870
10 70251 379243 145252 0
10 47941 518255 137730 0
10 48716 322895 114525 0
10 58417 497447 120729 0
10 65803 417441 160166 0
10 71719 516274 165803 0
10 69219 605548 165081 0
10 55008 311541 132502 0
10 55505 426602 140257 0
10 36523 267505 102834 1607
10 31892 284348 78756 0
10 48529 302715 131275 0
