15 2727 11046 18431 29
15 2717 8434 16000 0
15 3684 14621 25370 0
15 2117 25129 27694 0
15 2390 13984 25319 0
15 1702 9299 14653 7258
15 5687 10036 14122 0
15 1928 13052 21716 0
15 1792 10497 21974 0
15 2327 15904 22586 0
15 4128 12592 17839 0
15 3546 11762 15282 0
15 1844 16980 24261 0
15 3094 11952 20395 0
15 2464 10579 14958 1428
15 2603 9753 22579 150
15 3915 15995 20729 0
15 3118 11308 16982 0
15 2592 22283 28888 0
15 2171 15859 20156 0
15 3474 7651 10604 0
15 2665 7861 13600 0
15 2133 10846 22263 0
15 6359 7583 7057 0
15 3339 21038 21029 0
15 2720 7356 13620 0
15 1516 8849 14971 0
15 4216 15160 18513 0
15 2423 12136 19037 0
15 2738 18959 28446 0
15 6043 8188 9221 0
15 2021 11511 15573 0
15 2934 10306 15891 424
15 3187 5796 12916 0
15 2187 8323 12397 0
15 1821 11246 16166 0
15 2303 7628 13022 0
15 1919 7553 13668 0
15 3378 17697 20871 0
15 7752 27381 34718 0
15 1984 7229 14250 0
15 2470 11532 20545 0
15 1605 7342 13206 0
15 5938 8220 10690 0
15 2783 8545 13282 0
15 3666 14409 19075 16
15 3986 9561 16611 0
15 2033 11471 24021 0
15 2926 9333 15461 0
15 2188 10820 17914 0
15 3827 10584 22430 0
15 2365 9826 12957 0
15 8061 12110 15112 0
15 2370 8969 17598 0
15 2518 7533 15602 0
15 2423 14175 22545 0
15 6773 21352 24599 0
15 2504 10076 13706 0
15 2329 6942 15124 0
15 3145 13027 14922 0
15 1807 9387 19386 0
15 2058 13053 28460 0
15 3571 9157 8781 7549
15 2213 8551 15176 0
15 8030 10573 12070 0
15 2525 18929 25954 0
15 2210 5911 12481 0
15 2521 6246 14367 0
15 2721 12647 12490 0
15 1586 9820 13989 0
15 2719 11410 15341 0
15 2970 12217 15318 0
15 2365 8626 12786 0
15 2321 11144 14303 0
15 3296 15576 18231 0
15 5339 13669 20427 0
15 5053 12638 20030 0
15 4683 18278 23789 0
15 1961 7872 15299 0
15 2302 9906 13714 0
15 1889 7422 16383 0
15 2286 7102 12527 0
15 2982 9463 13796 0
15 2227 10067 16165 0
15 5534 16769 19593 0
15 3365 29183 42810 77
15 2049 8942 13079 0
15 2145 9076 17411 0
15 2150 11393 17907 0
15 2177 7547 15551 0
15 3806 9299 18935 0
15 2765 7786 15076 0
15 1865 11078 13435 0
15 2617 12694 13975 0
15 3448 6641 13090 1482
15 2503 13923 14418 0
15 2245 9131 20091 0
15 2973 9454 14372 0
15 3278 16165 18189 0
15 2313 12588 15264 0
