20 8746 8234 10069 0
20 2178 11266 23526 0
20 2302 5240 14363 0
20 7907 12863 12696 188
20 4449 10974 17067 176
20 2062 11319 22799 0
20 7623 3925 6882 0
20 3853 15877 25159 0
20 3562 5681 11567 0
20 2760 7480 17304 0
20 4309 10482 24960 0
20 1974 5663 12078 0
20 3515 5970 18162 0
20 3079 8919 18006 0
20 4483 10647 21190 0
20 5449 12306 19744 0
20 3362 12940 18089 123
20 4319 14166 30502 0
20 7049 23577 29648 0
20 2351 3170 12094 0
20 4530 5230 12588 0
20 5205 12621 27871 0
20 8732 7113 12799 60
20 7582 13996 25301 0
20 2932 7908 20437 0
20 3730 10544 14538 0
20 3209 9598 15685 0
20 8397 11007 14821 0
20 3022 9019 19373 0
20 2666 7333 17590 0
20 3328 8807 15162 0
20 3818 8519 17817 0
20 6690 6435 20306 0
20 2604 9090 18734 0
20 6739 7112 17691 0
20 8064 20527 41722 13739
20 3295 6572 12628 0
20 8283 1917 6331 0
20 3254 7055 18234 0
20 4855 12773 28067 5486
20 4291 7972 12924 0
20 2512 12106 23460 0
20 4370 8645 15828 0
20 2849 13240 28957 94
20 1970 8548 16189 0
20 3471 5204 12395 0
20 4009 8748 21109 0
20 5492 12111 17036 0
20 6866 14197 19812 0
20 2093 5080 12320 0
20 4919 17307 24762 0
20 5186 7290 13191 0
20 5345 11228 22811 0
20 7747 18061 23764 0
20 4143 10775 18189 0
20 6907 15397 21055 0
20 4381 9413 28498 0
20 3042 7903 21669 6068
20 3551 7829 14069 0
20 3049 14129 20249 0
20 9977 17820 20816 0
20 4441 6126 15536 0
20 7809 11916 21767 1638
20 3117 6537 20218 0
20 3771 20754 28701 0
20 2202 7647 11630 0
20 5942 8868 14566 0
20 5137 8189 15860 0
20 7485 11427 15817 0
20 2835 15706 25594 0
20 6023 11511 18332 0
20 4465 4600 10489 0
20 2939 8189 16119 0
20 1858 3493 13751 0
20 5376 10025 15683 0
20 4698 7659 13740 0
20 2543 7152 16590 0
20 4898 11206 21726 0
20 2708 10089 20548 0
20 2181 11848 19745 0
20 2217 5967 17477 0
20 3819 7780 18283 0
20 3537 8348 19471 0
20 3080 6905 18390 0
20 5150 14414 19386 0
20 2783 6420 12556 0
20 3567 10167 20015 0
20 2884 9995 19930 0
20 3665 9202 20885 0
20 3545 9144 20297 0
20 7197 28579 27914 0
20 6299 5633 13059 0
20 6238 14534 21032 0
20 2475 5461 13479 0
20 3380 11011 19497 0
20 3051 4688 12809 0
20 3395 17195 22326 0
20 8040 16058 25885 0
20 2228 6709 11104 0
20 7892 10665 17579 0
