25 92322 87682 98815 0
25 89016 28614 74144 2664
25 94229 96269 105256 0
25 70175 73078 72223 0
25 107275 125754 107804 0
25 108335 165536 113212 0
25 115987 201321 134741 0
25 89777 158080 95434 0
25 121066 238792 145540 0
25 104542 160566 123569 0
25 98816 94797 89230 0
25 83451 174887 73370 0
25 83012 111195 92162 0
25 101952 125004 123627 0
25 105260 142109 94393 0
25 102871 85489 98722 5679
25 92872 106112 91182 0
25 128145 100423 128120 0
25 77662 105108 81917 0
25 130425 200197 136901 0
25 69299 63227 63504 0
25 117822 216606 126869 0
25 126334 129673 141863 0
25 108375 192185 103363 0
25 119449 175568 128334 0
25 82602 64681 82914 1816
25 81973 70099 76112 0
25 54644 93294 67574 0
25 102522 167565 100334 0
25 87042 125727 84402 0
25 87525 72052 74562 0
25 88026 68124 86853 5596
25 81057 95773 84473 0
25 117073 66766 107853 0
25 70023 158574 90490 0
25 108357 87382 113770 0
25 118919 62221 107868 0
25 102237 190086 129849 0
25 96938 88376 92886 0
25 100042 123970 119531 0
25 60409 86482 65672 0
25 138180 180363 135521 0
25 94834 107602 95819 0
25 117957 157005 134621 0
25 103310 129413 116747 0
25 123388 150797 139325 0
25 110105 126619 112347 0
25 102915 327050 110898 0
25 111863 202642 108814 0
25 111355 208734 109643 0
25 110968 96733 115134 0
25 61389 118311 74120 0
25 127034 142424 142549 0
25 105633 82081 103939 0
25 88588 141550 98573 0
25 103718 132760 104442 0
25 104401 220976 111771 0
25 91518 238840 102442 0
25 89191 123041 97052 0
25 115717 113994 105087 0
25 68055 86741 70843 0
25 107910 108381 112868 0
25 112835 108607 105061 4481
25 99651 165814 100607 0
25 113678 188538 117462 0
25 130365 183629 136796 0
25 96951 121249 103411 0
25 126333 159776 126183 0
25 85158 78931 77604 0
25 74965 89484 83211 0
25 70979 59723 66759 0
25 101213 134346 93022 0
25 74879 36552 60332 0
25 130384 207094 129265 0
25 70596 91954 69315 0
25 64677 71658 71412 0
25 76249 56360 76387 1734
25 68822 158926 77832 0
25 68996 39115 65519 0
25 125020 187919 128550 0
25 104141 56963 102253 0
25 96244 140844 103015 0
25 108124 175172 112820 0
25 100036 136295 105446 0
25 120960 102265 114738 0
25 115685 202192 131540 0
25 80836 70070 73235 0
25 135488 179637 134605 0
25 83066 126239 89089 0
25 68998 37628 72083 0
25 99059 145363 107341 0
25 125005 193358 123791 0
25 128104 195841 137315 0
25 54331 75791 61298 0
25 74193 142827 87726 0
25 124963 95162 123752 0
25 95748 100156 87254 0
25 112422 213778 133370 6764
25 76682 129944 93437 0
25 45866 30790 37280 0
