20 74248 182465 105798 0
20 98986 311912 129584 4766
20 117604 93473 127812 7888
20 72430 199785 93466 0
20 83445 207852 107966 0
20 47838 95746 58611 0
20 103204 281131 131067 5697
20 89542 161714 118794 0
20 71856 160082 90644 0
20 90669 226807 125132 0
20 117306 200315 133734 4223
20 79314 163421 101750 0
20 80059 170535 112766 0
20 91779 205722 109663 3748
20 110807 249653 122796 0
20 110549 222348 141701 0
20 88232 211607 100710 0
20 42361 99513 51581 0
20 99755 216791 108679 0
20 100417 455292 135583 0
20 138870 296502 184158 0
20 75490 194220 93638 0
20 104549 231970 145110 0
20 74906 170527 83837 0
20 62121 95285 61572 0
20 97579 258320 140406 0
20 102164 229109 136856 0
20 97266 263643 121766 0
20 88328 183654 111761 0
20 108036 206493 127129 0
20 72645 154998 80121 3575
20 73120 78155 69589 2234
20 90721 233363 100055 0
20 103062 206884 131242 0
20 71809 131066 91027 0
20 84702 248257 126140 0
20 98549 224339 137805 0
20 72093 103215 74263 0
20 87773 106528 94973 0
20 75943 162055 90759 0
20 107664 273547 120667 0
20 92189 142892 105432 0
20 131582 288804 165271 0
20 88912 231123 119456 0
20 77973 136463 86580 0
20 93922 170794 107698 0
20 94471 188807 130048 0
20 123739 184855 154918 0
20 96221 165143 111611 0
20 113743 215609 149901 0
20 75824 349678 120407 0
20 41651 241123 69363 0
20 70412 253776 79161 0
20 98750 174006 119305 0
20 119562 211115 144671 10636
20 96293 198829 133906 0
20 86221 215317 116414 0
20 93276 257121 95259 0
20 87998 293699 111209 0
20 99036 214924 120412 0
20 71729 186229 87862 0
20 124543 130341 129008 0
20 49730 52633 59305 0
20 76749 247319 117829 0
20 87338 131952 104273 0
20 62171 140023 88429 0
20 94912 202872 115217 0
20 77043 107315 96990 0
20 109384 221191 143674 0
20 81980 133711 112008 0
20 83136 304336 126989 0
20 74298 251982 95408 0
20 75825 123399 84728 0
20 76761 194146 112988 0
20 73079 184082 102823 0
20 91028 156450 101139 0
20 103379 184935 117288 0
20 81070 294107 117265 5918
20 82289 201338 115267 0
20 114631 171057 131441 0
20 91193 201865 123805 0
20 93651 325327 141662 0
20 96786 297592 124818 0
20 148729 256646 167592 0
20 108246 201505 137752 0
20 85762 107275 104188 0
20 98805 232173 121477 6696
20 73623 81282 100332 5606
20 85682 200810 111377 0
20 102448 184762 126151 0
20 89497 263830 114875 0
20 104265 219524 143055 0
20 117425 224184 121741 0
20 89274 125137 90316 0
20 107431 230464 113495 0
20 97696 166544 114322 0
20 99112 305877 126528 0
20 116115 225972 127733 835
20 76252 207627 103000 0
20 95736 211292 120364 0
