25 9113 6242 17097 0
25 15121 22261 36699 0
25 12814 13937 29148 0
25 15046 15887 33052 0
25 12607 23167 30961 0
25 13860 14718 14526 0
25 10653 7945 22150 0
25 15359 19623 35030 0
25 7725 1403 17400 0
25 14833 22221 24420 0
25 12560 10456 31484 0
25 16508 19863 32289 0
25 14186 25064 36960 0
25 12518 11974 28215 0
25 13037 14589 19078 0
25 11993 13471 27081 0
25 17540 6773 26654 8949
25 19668 23329 31043 0
25 10956 20083 27336 0
25 12464 27472 29757 0
25 13153 15605 31866 0
25 10739 21252 26699 0
25 9292 8246 18690 0
25 20432 38310 47745 0
25 12058 23377 23014 0
25 11801 15734 28547 0
25 15725 37632 35575 0
25 13093 15015 17771 0
25 7149 1798 11481 0
25 15571 24522 36322 5278
25 12202 16724 29993 0
25 11556 9028 18671 0
25 9681 11360 20808 0
25 13803 17558 29704 0
25 12695 20102 32357 0
25 11440 15026 25309 0
25 19474 19972 40398 0
25 11521 19594 35282 0
25 10096 2070 12421 0
25 13240 12132 26431 0
25 11061 23748 27857 0
25 12710 15894 29978 0
25 18228 22332 31106 0
25 13192 14893 23491 0
25 18739 42606 39930 0
25 15087 17266 28778 0
25 11943 13020 22841 0
25 10408 13725 23996 0
25 14438 21463 30041 0
25 12447 8929 26075 0
25 17286 18903 29460 0
25 12103 17151 23169 0
25 12228 14348 20725 0
25 10475 10208 22366 0
25 18822 19109 33114 0
25 11959 16209 22615 0
25 10788 16515 26711 0
25 19609 18179 30956 0
25 11786 16460 24235 0
25 10178 10161 24724 0
25 17238 13333 29020 1663
25 19580 33345 28342 0
25 13101 35062 35533 0
25 10876 11776 22655 0
25 11535 13093 22715 0
25 8905 9894 20508 0
25 16305 21195 24546 0
25 10577 25754 23306 0
25 11877 20130 23850 0
25 17489 17465 40608 0
25 10341 10516 20809 0
25 13342 24774 23715 0
25 12771 19928 24288 0
25 8876 9856 20643 0
25 15275 15015 21681 0
25 20059 26685 41190 0
25 12222 9210 21280 0
25 18100 18759 27659 2709
25 18374 28636 25391 0
25 11653 13099 27528 0
25 11982 19149 20209 0
25 21635 31009 34516 0
25 16917 29469 39065 0
25 18595 31547 31912 0
25 8773 13432 20564 0
25 19315 25318 38601 0
25 9364 28600 27996 0
25 14501 13560 23264 0
25 20158 24648 46892 0
25 16891 25663 30022 0
25 11854 17556 20867 0
25 12238 27682 32033 0
25 21988 25996 39858 0
25 13054 18988 16357 0
25 14954 20672 25397 0
25 10802 16683 32555 1645
25 18364 31511 33686 0
25 16976 18641 22477 0
25 9548 12638 29881 0
25 13528 14737 24535 0
