1 0 556621 136544 0
1 0 506941 125985 0
1 0 478056 113199 0
1 0 567694 106308 0
1 0 661864 133057 0
1 0 489942 132513 0
1 0 657326 141356 0
1 0 630951 133189 0
1 0 571539 125240 0
1 0 600737 137783 7336
1 0 605107 148766 0
1 0 482992 129999 0
1 0 611569 124445 0
1 0 738233 150515 0
1 0 619775 139188 0
1 0 522302 145045 6219
1 0 671677 156897 0
1 0 621653 132707 0
1 0 627620 121018 0
1 0 660946 147652 0
1 0 573644 136078 0
1 0 612897 126593 6561
1 0 582961 129418 0
1 0 567848 138727 0
1 0 772457 130305 0
1 0 740343 143647 5605
1 0 690481 136016 0
1 0 668519 128016 7103
1 0 577491 139984 0
1 0 561502 128758 0
1 0 628218 139558 0
1 0 686520 131544 0
1 0 593498 147819 0
1 0 723882 134874 1483
1 0 505889 124419 0
1 0 567612 130286 0
1 0 525065 111568 0
1 0 512419 137792 0
1 0 553209 111729 0
1 0 572573 135118 0
1 0 633215 142620 7954
1 0 603614 142866 0
1 0 816704 135935 0
1 0 513174 135652 0
1 0 470653 134147 0
1 0 528551 140287 0
1 0 559814 117241 0
1 0 617998 142501 0
1 0 639152 125197 0
1 0 662596 138643 7911
1 0 633913 153056 0
1 0 499446 131151 0
1 0 740149 148044 0
1 0 594600 144470 0
1 0 576792 142090 0
1 0 741925 131719 6905
1 0 712132 156091 0
1 0 653170 124530 0
1 0 781828 138045 0
1 0 607785 134522 0
1 0 639282 127461 0
1 0 644933 122480 0
1 0 524543 120856 0
1 0 549302 127227 0
1 0 725693 142620 0
1 0 643816 152385 0
1 0 651362 128293 0
1 0 544174 97232 0
1 0 627351 129527 0
1 0 511452 133840 0
1 0 561234 138994 0
1 0 573694 141670 0
1 0 564545 132632 0
1 0 656579 129442 2149
1 0 597259 150245 0
1 0 549117 133602 0
1 0 544824 132897 0
1 0 617436 141132 0
1 0 658297 134574 0
1 0 546424 135568 0
1 0 747977 149082 6587
1 0 540043 112660 0
1 0 602813 146644 0
1 0 685468 127667 0
1 0 512580 124007 0
1 0 545923 132849 0
1 0 571153 146525 0
1 0 533369 121972 7814
1 0 663818 140580 0
1 0 512936 138833 0
1 0 548284 136408 0
1 0 570395 151102 0
1 0 623906 115125 6276
1 0 542079 133417 0
1 0 599377 144781 0
1 0 581307 121789 0
1 0 521151 135825 2145
1 0 618527 141284 0
1 0 598661 143287 0
1 0 596775 137617 0
