30 106031 86464 94562 0
30 58202 46040 50665 0
30 102218 25589 72177 0
30 58080 57731 59898 0
30 116741 82907 113934 7832
30 122810 72843 120586 0
30 78257 10065 66140 0
30 84179 43361 80103 0
30 88228 92797 75390 0
30 94363 31637 77338 0
30 60686 92 45593 1651
30 104190 28545 87537 0
30 94487 20313 80953 3839
30 116312 93440 98484 0
30 73802 22434 56431 0
30 63442 82049 58991 0
30 75971 30883 63098 0
30 131879 70841 107329 0
30 89281 74144 84648 5029
30 121770 48367 98629 0
30 107223 148483 103305 0
30 82002 104710 87105 0
30 89579 78705 81524 0
30 94361 116594 102473 0
30 91495 133299 75120 0
30 109329 50765 93113 0
30 138533 75645 135876 0
30 125324 132886 112617 0
30 120049 44874 111233 0
30 53517 35115 49069 783
30 93527 34593 74798 0
30 158096 84503 137208 0
30 128782 61239 121833 0
30 116995 59338 91288 0
30 91914 10086 78241 0
30 138267 76475 122439 0
30 94792 75505 87948 0
30 110470 81235 95921 0
30 95719 110602 87266 0
30 123182 114793 95232 0
30 117182 39798 90534 0
30 131133 31958 108547 0
30 129667 72826 99659 0
30 94664 19130 80914 0
30 148308 117523 133313 0
30 85668 60326 77162 0
30 79727 28790 72671 0
30 136811 89629 117255 0
30 108979 55647 105978 0
30 79785 60089 53193 0
30 101069 42566 87948 0
30 133074 37721 90886 0
30 88557 28972 75998 0
30 117306 10815 81542 0
30 120864 97179 120887 0
30 52374 52817 39955 0
30 87203 86177 71424 6269
30 85721 70851 74739 5192
30 94172 52412 78293 0
30 92930 72194 86848 0
30 123856 51123 109688 0
30 98114 48467 84380 0
30 104222 25121 96278 6006
30 50044 45536 44981 0
30 122535 86552 109883 0
30 81103 51678 68963 0
30 131882 76134 113277 0
30 72072 53344 54541 0
30 99644 32925 76690 0
30 108690 90176 101248 0
30 70976 43713 61184 0
30 125398 58616 110241 0
30 51663 40886 42216 0
30 86566 32843 65464 0
30 98908 46281 86240 0
30 133831 156384 117231 0
30 99430 86576 92147 0
30 96003 68519 84660 0
30 106232 77364 94743 0
30 128706 52317 114228 0
30 56682 13874 41713 0
30 62559 14301 51606 0
30 79257 34683 59460 0
30 58835 7034 41161 0
30 68891 59555 68777 0
30 112897 116596 101005 0
30 99230 87331 90755 0
30 61592 27378 46835 7744
30 63237 79210 60951 0
30 157611 130004 137792 0
30 99795 79948 100065 5876
30 84448 69441 72595 0
30 80203 37950 68601 0
30 106929 20943 79168 0
30 99472 36985 97457 0
30 88399 45317 71800 0
30 146677 112223 124217 0
30 70686 98086 56486 0
30 107143 48794 105215 0
30 59363 20324 50519 0
