5 389 402469 109458 0
5 275 641940 120111 0
5 359 386457 99544 0
5 278 403826 116702 0
5 5569 435822 113158 6857
5 235 249553 115973 0
5 244 505185 114062 0
5 253 392474 124633 0
5 5476 427017 96331 0
5 348 479668 116957 0
5 240 517663 124797 7779
5 317 438698 110590 34
5 324 425057 108865 0
5 217 393986 106419 0
5 372 418839 113294 0
5 246 421339 98540 6568
5 6414 294885 78995 0
5 270 312708 97593 0
5 283 504932 119370 0
5 305 400865 137978 0
5 293 310074 95426 135
5 1634 322592 122022 0
5 2742 431242 119222 7433
5 216 403720 113424 0
5 318 437753 129140 0
5 313 509597 121755 0
5 205 580486 114817 0
5 352 470738 127965 0
5 220 448624 121658 0
5 302 502624 142698 0
5 248 450954 128024 0
5 303 306941 117733 0
5 252 370995 116721 0
5 283 498765 124101 0
5 239 409619 116946 0
5 259 372335 126781 6563
5 385 389610 128916 0
5 306 428062 128708 0
5 2478 442953 128579 12837
5 207 450584 119085 0
5 159 438197 127810 46
5 659 529217 133725 0
5 259 591020 124616 0
5 234 461596 119964 0
5 344 311417 105272 0
5 297 462351 124607 2820
5 233 425929 119012 0
5 132 382877 118244 0
5 309 498961 121493 0
5 203 456842 104812 6415
5 298 453182 123092 0
5 212 551117 106963 0
5 227 397691 130924 0
5 257 501760 122243 7044
5 284 380353 112237 0
5 306 560301 122353 6220
5 1325 359553 122495 0
5 203 411182 123602 0
5 253 398004 109883 0
5 2001 374924 113388 0
5 370 565420 126017 5970
5 242 494850 125333 0
5 394 407660 122927 0
5 279 532680 137249 0
5 348 385063 94338 0
5 339 480693 131768 0
5 1540 414931 123511 0
5 332 456331 125345 0
5 320 489241 136119 0
5 324 480748 117239 0
5 399 362829 115733 0
5 244 312352 122023 0
5 255 430129 94028 0
5 4627 252338 88235 4136
5 250 476092 138092 0
5 362 478400 126728 0
5 298 335066 118047 7822
5 280 392929 126203 0
5 430 464163 107707 0
5 319 404720 110207 0
5 222 343502 119653 0
5 792 542058 128597 0
5 1555 466740 113951 0
5 1647 347707 119590 0
5 260 477957 112910 5686
5 250 429413 100838 0
5 300 451026 114919 0
5 282 430061 117150 0
5 295 412144 122274 0
5 322 440784 91762 1790
5 386 498272 126493 0
5 357 351272 112938 0
5 273 387870 107291 43
5 149 466561 119063 0
5 282 455776 130552 0
5 5711 244679 80143 0
5 1201 433791 105342 0
5 413 551806 128424 7111
5 3790 446715 117150 0
5 232 451198 117278 0
