25 15027 41328 39915 0
25 10685 50348 54101 0
25 12339 52926 52238 0
25 13874 53787 48107 0
25 9394 12184 17888 0
25 6935 99787 64474 0
25 8031 50502 48566 0
25 9653 62526 59108 0
25 7605 86902 55491 0
25 7892 42697 45324 0
25 15042 65491 50285 0
25 8699 20843 32701 0
25 12679 76062 47386 0
25 10094 74414 51355 0
25 4480 15775 25055 0
25 10153 96672 67090 7946
25 7810 54001 51190 5741
25 5302 48698 39260 0
25 8043 34883 40805 0
25 12473 116351 71263 0
25 8420 91888 66877 0
25 5891 118517 68689 0
25 6676 37391 35794 0
25 8076 42027 45270 0
25 9494 86458 83579 0
25 5242 24298 37565 9228
25 4565 31189 34389 0
25 10756 114714 63518 0
25 6908 133890 65522 0
25 4908 34776 36161 2868
25 6277 49305 54740 0
25 5906 120747 54246 0
25 10412 96822 68868 0
25 5458 46262 45171 0
25 7506 55694 59140 0
25 12155 24297 28686 0
25 13120 97398 77398 3892
25 7696 86908 61751 0
25 9927 48315 43455 0
25 8066 36965 34664 0
25 15283 56137 52296 0
25 13589 55531 66191 0
25 7503 53807 48086 15345
25 9018 27667 33870 0
25 9169 79945 66937 0
25 6056 45740 53239 0
25 7968 90947 65122 0
25 8649 51760 50746 0
25 7805 98037 63562 0
25 8053 84192 64085 0
25 6742 26953 45174 7349
25 8339 94327 62269 0
25 11610 73249 42872 3944
25 6629 56216 56889 0
25 8766 76774 62273 0
25 11093 68202 61210 0
25 10872 16145 21811 0
25 11610 123126 67511 0
25 6609 30211 50523 0
25 7421 53479 55283 0
25 6861 25195 34205 0
25 10935 81322 56175 0
25 7743 48687 56172 0
25 9464 102406 80504 0
25 10006 44109 47727 0
25 9580 110658 59591 0
25 5237 43140 48915 0
25 10440 59813 48976 0
25 10288 57361 42630 0
25 11472 79115 68280 0
25 6365 64345 53467 0
25 8272 143927 57626 0
25 7037 38608 45159 0
25 6824 16023 23721 0
25 6925 78362 58523 0
25 4299 16048 22876 0
25 11775 43562 42229 0
25 8180 98402 63450 0
25 6833 25110 39927 0
25 9556 108731 65174 0
25 10939 52675 52521 0
25 10913 112031 73704 0
25 7551 41519 46091 0
25 11634 65716 40454 0
25 6736 56047 52414 0
25 12054 36126 49467 0
25 13524 161253 61437 0
25 8857 52634 46600 0
25 7732 88913 62659 0
25 8252 36105 44852 0
25 7808 130950 64304 0
25 5809 21500 32403 0
25 11102 49232 50688 3493
25 5884 104518 57007 0
25 8572 25403 41460 0
25 9408 114167 73552 0
25 9244 32303 38562 0
25 6919 124875 67584 0
25 9566 26346 43292 0
25 8165 75697 61816 0
