10 1287 336865 111826 0
10 1882 334830 114554 0
10 5243 248008 86507 7535
10 1779 278345 94522 0
10 8331 184384 85905 0
10 1124 360743 107214 6690
10 1141 278962 97858 0
10 1335 365149 115362 0
10 1403 223585 100643 0
10 1807 271507 98158 5196
10 1379 352938 110371 0
10 1144 470557 114447 0
10 3553 332378 93585 0
10 2608 348738 111108 0
10 1141 342110 116475 7690
10 1685 277552 102937 0
10 1390 387083 104723 7593
10 1390 306673 97226 7748
10 1480 368877 105889 0
10 1695 327916 99824 0
10 3484 339412 113850 0
10 1062 235666 97120 0
10 2136 298504 80607 0
10 2601 317412 118942 0
10 1272 312142 97170 0
10 1774 308488 110860 0
10 1547 297048 100511 0
10 9421 212487 55487 0
10 988 280707 93992 0
10 3269 349964 98933 18
10 1572 350359 117393 0
10 1548 381130 97384 0
10 1225 343496 116225 0
10 2590 435087 110940 0
10 1454 285259 100767 0
10 1294 222732 95414 0
10 1680 317304 111401 0
10 1204 284603 110062 0
10 1698 457201 105141 0
10 2395 325849 99197 0
10 3480 338594 118467 0
10 953 297656 117536 0
10 1026 342607 100797 0
10 2595 347029 111355 0
10 2789 347721 117474 155
10 3397 317787 109131 0
10 1939 400858 101921 0
10 1551 370688 119125 0
10 1364 417025 128407 0
10 1548 256794 96248 0
10 2256 330995 107989 0
10 1572 268311 78079 0
10 1324 370816 116164 0
10 1222 351670 99620 0
10 1590 257735 93061 0
10 2976 265976 119275 0
10 1371 392170 113592 0
10 1093 302806 96471 0
10 1910 297853 105338 0
10 1438 299602 102750 0
10 3587 272661 100785 1773
10 1522 313600 100427 0
10 1426 432029 108647 0
10 1896 299825 106395 0
10 1131 346811 113252 0
10 866 225099 95811 5451
10 1233 205722 92812 0
10 1633 335725 107493 0
10 1542 270560 110480 0
10 1640 379306 113792 0
10 1099 296308 90015 0
10 3149 252707 97236 1232
10 1402 422831 122407 0
10 1270 294101 98894 0
10 1453 339050 97247 0
10 2488 376021 113877 0
10 2633 259162 102733 0
10 1517 233129 83071 0
10 2368 274656 93257 0
10 2379 338656 106056 14045
10 1077 275819 98830 0
10 2817 375524 112274 0
10 1419 349857 103809 0
10 1425 289616 102571 0
10 958 318220 95272 0
10 1679 303321 118867 0
10 1917 316645 122818 0
10 1348 309215 108414 0
10 2757 321532 101080 6163
10 1497 247787 106546 0
10 1746 346547 109462 6542
10 1188 364951 109622 0
10 3583 367218 96040 0
10 3049 365835 99161 0
10 880 355564 105604 0
10 1435 242322 118412 0
10 6269 325580 105406 0
10 1657 324212 113019 0
10 1400 368544 113637 0
10 987 385741 102366 0
