5 1458 27956 18983 0
5 1146 29141 22535 0
5 1035 31505 15851 0
5 1240 23194 22344 0
5 1584 30801 21943 0
5 2997 29086 20123 3408
5 2824 34125 25585 0
5 1692 45276 29991 0
5 2661 31499 17953 0
5 2042 35184 23387 0
5 2559 36157 24124 0
5 968 34683 17822 0
5 1550 27458 17136 248
5 1349 32279 22751 0
5 1449 28172 20686 0
5 1112 33346 18866 179
5 1038 29541 16612 0
5 949 23766 16993 0
5 1320 21779 16332 0
5 1472 21365 17261 0
5 1223 32429 28571 0
5 2923 36949 25410 0
5 1276 30874 16429 0
5 966 24155 18482 0
5 1326 35723 23764 0
5 729 28596 15352 0
5 1389 33816 17396 0
5 1744 29126 27897 0
5 1435 35466 20691 0
5 1394 32982 19555 0
5 1695 33241 19044 0
5 4294 26334 16008 0
5 3073 27228 24526 0
5 1585 25635 19211 4284
5 1117 19732 15495 0
5 2013 20680 15929 0
5 1240 17245 15871 0
5 1826 28648 19168 0
5 1159 35150 22535 0
5 1757 34532 30392 0
5 1860 26310 22069 4165
5 1093 24113 17390 0
5 2261 22659 19160 127
5 1238 26064 17098 2617
5 1413 32787 18741 0
5 592 28984 17797 0
5 1620 32503 21129 5842
5 1777 23501 16860 0
5 718 30708 24017 0
5 2173 31211 16211 0
5 828 24998 16585 0
5 997 34037 18541 0
5 988 36328 16540 0
5 1802 31734 22552 0
5 1728 36832 24775 0
5 1913 36636 26351 0
5 2175 35572 22734 0
5 1457 28893 18925 0
5 1169 26820 33699 5064
5 2154 25472 18381 0
5 2390 31290 20500 0
5 1528 32180 20670 0
5 1264 27490 17576 0
5 551 41679 21548 467
5 1725 39748 20343 4361
5 2483 28262 18234 0
5 5245 28032 19550 0
5 2339 33525 22897 0
5 2273 35278 23954 0
5 2321 25920 16571 442
5 5771 41851 53144 3653
5 1976 32609 17977 0
5 1919 29209 15698 0
5 2617 24554 17132 0
5 2987 33434 23206 0
5 1803 19378 18580 0
5 2951 21730 17332 0
5 1503 24095 15851 0
5 1796 31601 25878 0
5 751 28099 17224 0
5 1658 24214 15553 0
5 2309 31865 29002 0
5 1616 27117 16859 0
5 1696 25078 16977 0
5 2453 22979 19148 0
5 2312 24807 19873 3439
5 2903 29280 20496 1028
5 1706 28839 18878 88
5 1824 27777 16088 0
5 2591 30626 19079 0
5 1816 28032 18346 0
5 1392 30219 22779 1271
5 1569 25960 17849 0
5 1877 23630 18679 0
5 1669 24028 15963 0
5 1485 27432 16624 0
5 2078 27284 22201 0
5 1738 36117 29610 0
5 1466 32687 19969 0
5 1917 28206 19360 0
