15 1741 198161 82614 0
15 1928 308375 83101 0
15 2023 212702 78443 0
15 1761 154946 83834 0
15 3626 232518 90539 0
15 3267 182643 82665 0
15 2783 171203 90012 0
15 1529 168228 77963 0
15 2347 218727 79155 0
15 9179 84004 45719 0
15 2583 250394 72717 0
15 1692 216385 98548 0
15 6026 181820 93106 0
15 2412 226697 98365 0
15 2516 185253 81766 0
15 1824 194050 87139 0
15 1786 155405 82271 0
15 4959 230267 97968 0
15 2680 154879 78609 0
15 2572 212401 89198 0
15 4436 94655 63185 0
15 1956 132873 68924 0
15 4312 169950 76832 0
15 2127 208724 84979 0
15 1985 228711 107339 0
15 4086 199621 85997 0
15 2126 193660 100615 0
15 2050 308261 77991 0
15 1634 290011 98471 15352
15 2208 207862 92401 0
15 8700 258037 82881 0
15 3068 154432 82467 0
15 1865 226454 96058 0
15 2274 239775 99262 0
15 2303 191433 93118 0
15 3593 288533 94962 0
15 2792 212042 90920 0
15 3179 271898 79049 0
15 3110 168754 75769 0
15 8553 216786 76987 0
15 1631 210788 90764 0
15 2311 324522 86985 0
15 4424 231930 77375 0
15 2012 152856 90084 0
15 2237 225703 85266 0
15 2316 247429 91747 0
15 3802 192672 86308 0
15 1841 168576 81188 0
15 2898 280724 97662 0
15 2819 212921 77463 0
15 1971 233899 97750 0
15 1828 205436 86369 0
15 6634 67841 50491 0
15 1646 174550 88509 8017
15 10377 250258 90341 0
15 2294 276129 95597 0
15 7229 160937 70528 0
15 2522 200934 88531 2947
15 2390 239370 89622 0
15 6339 253965 91321 0
15 1777 121427 73963 7757
15 2062 257706 103456 0
15 2229 247685 89193 0
15 7884 158893 83332 0
15 8567 196781 85211 6444
15 2292 233454 91631 0
15 2403 193676 92558 0
15 1499 187274 79323 0
15 1584 166978 85734 12094
15 3458 209943 87914 0
15 2392 219755 87991 0
15 4466 180411 59789 0
15 2860 286411 81081 0
15 3716 86850 63772 0
15 4840 176492 78865 0
15 2753 252561 106494 0
15 1991 182115 89436 0
15 2370 239707 82682 0
15 2748 251818 83148 0
15 2319 252023 98666 0
15 2162 257880 93404 1864
15 3946 235310 94919 0
15 3244 174199 87248 0
15 1851 199235 89411 7390
15 2520 210664 76183 0
15 3898 263953 97702 0
15 3468 197051 78922 0
15 3783 224168 109503 0
15 4107 202978 91735 0
15 4110 174459 90424 0
15 3148 261598 103678 5707
15 4460 138156 83853 0
15 2595 300617 90342 0
15 10193 166248 70242 0
15 9487 261801 82558 0
15 4430 214452 88695 0
15 1815 305381 85088 5611
15 3579 260201 87563 0
15 1951 184140 81525 0
15 4004 220011 95179 6838
