10 11559 66656 37007 0
10 11641 96796 51322 0
10 13480 70358 47290 0
10 16540 105036 56194 0
10 11918 82581 43718 0
10 11526 129677 48531 0
10 14282 27531 18098 0
10 12550 122780 48341 0
10 16911 103368 54308 0
10 15825 116942 52070 0
10 14599 82197 43266 0
10 21577 132824 73245 0
10 12240 136953 57141 0
10 10516 88472 39302 0
10 12405 85603 40884 0
10 10682 86909 36112 0
10 14224 122932 52819 0
10 20466 89470 53908 0
10 13212 102443 43139 0
10 10289 75630 41520 0
10 16901 80315 52976 0
10 9548 93020 36184 5054
10 19741 106554 49743 2905
10 13068 77595 52092 3591
10 13593 77544 41664 0
10 10886 90811 40233 0
10 10871 108804 41571 0
10 14309 59685 32873 0
10 12214 98410 45616 6327
10 7108 100787 52799 0
10 12486 93057 39571 0
10 20668 115484 52906 0
10 15571 99726 47861 0
10 14964 104517 50304 0
10 15620 80522 38915 0
10 14128 65596 39312 0
10 16332 86950 47166 0
10 10170 64651 40336 0
10 15801 82975 38559 0
10 13244 104229 44806 0
10 12612 77156 48829 0
10 10365 85581 42269 0
10 16520 107056 41864 0
10 13662 95325 42021 0
10 13100 89781 49788 0
10 9373 108088 46773 0
10 11312 89460 50653 7776
10 14074 101087 45581 0
10 12633 76369 46159 0
10 10723 81120 35560 0
10 10194 82143 38403 0
10 18459 100658 41305 4533
10 15860 46443 20635 0
10 13107 88294 37546 0
10 15349 90287 39991 0
10 13738 95308 40143 0
10 11139 88594 41789 0
10 12397 96870 52011 0
10 12891 95285 40198 0
10 13906 73494 45157 0
10 10236 65740 35566 0
10 17407 76780 42482 0
10 11858 87662 45475 0
10 16567 76835 44641 6080
10 13285 111963 56336 0
10 12147 108731 56041 0
10 13066 99566 40781 0
10 13465 104078 46700 0
10 10395 66254 36935 0
10 9290 79168 42811 0
10 9657 115491 47492 0
10 13416 89773 37601 0
10 14718 82594 41879 0
10 15229 81581 42415 0
10 10301 67455 41470 0
10 13107 52312 36531 0
10 16388 112800 53437 0
10 15265 99821 39878 0
10 9345 113475 43502 0
10 9943 93661 44207 0
10 12531 118482 47352 0
10 13006 84601 49178 0
10 11100 88804 43100 0
10 10489 71575 39832 0
10 16557 93633 49566 0
10 15722 108651 52865 0
10 14743 95226 46985 0
10 14201 87340 51124 0
10 13267 71422 41345 0
10 10596 98906 44782 0
10 11979 50034 32081 0
10 12242 80462 44989 0
10 11073 78739 41643 0
10 12942 122084 41207 0
10 14984 95287 46291 0
10 10854 69597 48346 0
10 9188 89015 41089 0
10 10044 96224 35403 0
10 14393 87209 33031 0
10 11563 87085 44338 0
