15 78743 287008 138964 0
15 75399 272309 152644 0
15 90629 343922 153507 0
15 59149 228131 86555 0
15 116639 459306 186807 0
15 69282 354276 132887 0
15 75826 251295 128934 0
15 66466 357894 141709 0
15 68933 425510 152331 0
15 97334 322196 147969 0
15 75178 317809 139972 0
15 105587 381218 181706 0
15 67403 104903 62654 0
15 78298 352181 116399 3900
15 93072 372129 168552 0
15 65668 270067 114839 0
15 85209 183520 136045 0
15 82546 309625 140148 5176
15 75222 361789 120485 0
15 39116 202618 55051 0
15 60007 257469 127303 0
15 75536 304379 140398 0
15 97363 327923 179242 0
15 72220 172993 102026 0
15 91354 310058 153171 0
15 74839 152438 110948 0
15 84103 210317 133704 0
15 48888 231925 96156 0
15 83779 381757 159905 0
15 74229 368939 136599 0
15 91754 394900 142662 0
15 53698 245511 80940 0
15 94308 322626 154540 0
15 82306 396914 145094 0
15 55580 411042 130912 0
15 67008 180101 104070 0
15 55453 346689 130188 3728
15 68415 267245 127189 0
15 83741 310023 144575 0
15 99601 452722 173716 0
15 71916 291714 131824 0
15 55699 243416 90344 0
15 56141 249084 105923 0
15 68559 385630 124600 0
15 67186 391336 137754 0
15 73500 183631 107815 0
15 114945 392405 206742 0
15 63818 207144 109567 0
15 63124 265582 118487 0
15 66287 271391 109820 0
15 73524 258566 126513 0
15 91076 289271 130307 0
15 72761 336918 134178 6133
15 60468 302192 126214 6439
15 62176 297437 103532 0
15 41903 219974 59819 0
15 77058 228746 121870 0
15 90144 323312 139321 8591
15 69882 211377 111477 0
15 69969 362986 128757 0
15 58520 430887 130947 0
15 65610 229356 109479 198
15 92645 301995 137937 0
15 57682 371605 116789 7467
15 108523 401360 165232 0
15 93396 392264 167193 0
15 81316 220814 128320 6693
15 80522 302229 144253 0
15 95317 374365 154285 0
15 103009 342880 171674 0
15 71666 346590 128902 0
15 70102 338292 123613 0
15 85191 350141 125711 0
15 65568 318567 126144 0
15 79094 355774 126865 2760
15 52899 269901 98760 0
15 66129 282730 106900 7300
15 56969 242327 86245 0
15 80404 272011 117029 0
15 44037 187388 83821 5632
15 68738 285813 125548 0
15 48774 203586 86273 0
15 69533 244301 102252 0
15 93319 363367 156531 7591
15 73244 267705 125858 0
15 70639 329531 137972 0
15 57844 254748 111125 0
15 61713 184686 92389 0
15 71850 235616 108922 0
15 73913 391353 128188 0
15 66740 227574 119767 0
15 91324 406767 163200 0
15 81000 426176 134443 8074
15 78060 195046 106041 0
15 48750 271635 88379 0
15 93478 326988 155131 5933
15 86341 255072 131305 0
15 73488 381674 136173 0
15 108837 309068 193834 0
15 68404 329408 139548 0
