20 0.7
20 0.55
20 0.65
20 0.65
20 0.7
20 0.45
20 0.55
20 0.55
20 0.5
20 0.65
20 0.75
20 0.7
20 0.55
20 0.65
20 0.55
20 0.75
20 0.7
20 0.6
20 0.7
20 0.65
20 0.6
20 0.7
20 0.7
20 0.65
20 0.55
20 0.6
20 0.7
20 0.7
20 0.8
20 0.6
20 0.65
20 0.6
20 0.65
20 0.6
20 0.55
20 0.7
20 0.85
20 0.6
20 0.5
20 0.6
20 0.6
20 0.5
20 0.85
20 0.6
20 0.6
20 0.5
20 0.55
20 0.55
20 0.65
20 0.65
20 0.6
20 0.6
20 0.65
20 0.55
20 0.55
20 0.75
20 0.7
20 0.6
20 0.6
20 0.8
20 0.55
20 0.8
20 0.75
20 0.75
20 0.55
20 0.65
20 0.6
20 0.6
20 0.5
20 0.6
20 0.5
20 0.7
20 0.7
20 0.65
20 0.55
20 0.65
20 0.6
20 0.6
20 0.7
20 0.6
20 0.75
20 0.55
20 0.55
20 0.7
20 0.55
20 0.65
20 0.75
20 0.75
20 0.7
20 0.65
20 0.75
20 0.55
20 0.7
20 0.7
20 0.65
20 0.55
20 0.45
20 0.6
20 0.6
20 0.55
