15 0.666667
15 0.866667
15 0.666667
15 0.8
15 0.733333
15 0.733333
15 0.733333
15 0.8
15 0.8
15 0.733333
15 0.666667
15 0.8
15 0.8
15 0.733333
15 0.8
15 0.6
15 0.733333
15 0.733333
15 0.866667
15 0.733333
15 0.8
15 0.866667
15 0.733333
15 0.666667
15 0.933333
15 0.733333
15 0.733333
15 0.866667
15 0.8
15 0.8
15 0.8
15 0.8
15 0.8
15 0.8
15 0.666667
15 0.733333
15 0.733333
15 0.8
15 0.533333
15 0.933333
15 0.866667
15 0.8
15 0.8
15 0.933333
15 0.666667
15 0.866667
15 0.733333
15 0.733333
15 0.8
15 0.8
15 0.533333
15 0.8
15 0.733333
15 0.733333
15 0.666667
15 0.866667
15 0.733333
15 0.533333
15 0.866667
15 0.666667
15 0.866667
15 0.8
15 0.733333
15 0.733333
15 0.666667
15 0.866667
15 0.866667
15 0.666667
15 0.666667
15 0.733333
15 0.733333
15 0.733333
15 0.8
15 0.666667
15 0.733333
15 0.666667
15 0.8
15 0.6
15 0.733333
15 0.8
15 0.733333
15 0.733333
15 0.8
15 0.866667
15 0.733333
15 0.8
15 0.8
15 0.8
15 0.866667
15 0.8
15 0.733333
15 0.866667
15 0.733333
15 0.733333
15 0.6
15 0.933333
15 0.733333
15 0.8
15 0.933333
15 0.733333
