5 0.6
5 0.4
5 0.8
5 0.6
5 0.8
5 0.4
5 0.6
5 0.6
5 0.4
5 0.2
5 1
5 0.4
5 0.4
5 0.6
5 0.6
5 1
5 0.8
5 0.6
5 1
5 0.4
5 0.6
5 1
5 0.8
5 0.8
5 0.8
5 0.8
5 0.6
5 0.4
5 0.6
5 0.4
5 0.4
5 0.6
5 0.4
5 0.8
5 0.4
5 0.8
5 0.8
5 2e-16
5 0.4
5 0.8
5 0.4
5 1
5 0.6
5 0.6
5 0.8
5 0.8
5 0.4
5 0.4
5 0.6
5 0.8
5 0.2
5 0.4
5 0.6
5 0.8
5 0.8
5 0.6
5 0.8
5 0.6
5 0.4
5 0.4
5 0.4
5 0.8
5 0.6
5 0.8
5 0.6
5 0.6
5 0.4
5 0.8
5 0.6
5 0.4
5 1
5 0.8
5 0.8
5 0.4
5 0.6
5 0.6
5 0.8
5 0.8
5 0.6
5 1
5 0.8
5 0.8
5 0.8
5 0.4
5 0.8
5 0.6
5 0.4
5 0.6
5 0.4
5 0.4
5 0.8
5 0.8
5 0.4
5 0.6
5 0.4
5 0.2
5 0.4
5 0.6
5 0.2
5 0.6
