10 0.8
10 0.8
10 0.8
10 0.8
10 0.8
10 0.8
10 0.8
10 0.8
10 0.8
10 0.8
10 0.8
10 0.8
10 0.8
10 0.8
10 0.8
10 0.8
10 0.8
10 0.8
10 0.8
10 0.8
10 0.8
10 0.8
10 0.8
10 0.8
10 0.8
10 0.8
10 0.8
10 0.8
10 0.8
10 0.8
10 0.8
10 0.8
10 0.8
10 0.8
10 0.8
10 0.8
10 0.8
10 0.8
10 0.8
10 0.8
10 0.8
10 0.8
10 0.8
10 0.8
10 0.8
10 0.8
10 0.8
10 0.8
10 0.8
10 0.8
10 0.8
10 0.8
10 0.8
10 0.8
10 0.8
10 0.8
10 0.8
10 0.8
10 0.8
10 0.8
10 0.8
10 0.8
10 0.8
10 0.8
10 0.8
10 0.8
10 0.8
10 0.8
10 0.8
10 0.8
10 0.8
10 0.8
10 0.8
10 0.8
10 0.8
10 0.8
10 0.8
10 0.8
10 0.8
10 0.8
10 0.8
10 0.8
10 0.8
10 0.8
10 0.8
10 0.8
10 0.8
10 0.8
10 0.8
10 0.8
10 0.8
10 0.8
10 0.7
10 0.8
10 0.8
10 0.8
10 0.8
10 0.8
10 0.8
10 0.8
