15 0.466667
15 0.533333
15 0.533333
15 0.533333
15 0.533333
15 0.533333
15 0.533333
15 0.533333
15 0.533333
15 0.466667
15 0.533333
15 0.533333
15 0.533333
15 0.533333
15 0.533333
15 0.533333
15 0.533333
15 0.533333
15 0.533333
15 0.533333
15 0.533333
15 0.533333
15 0.533333
15 0.533333
15 0.533333
15 0.533333
15 0.533333
15 0.533333
15 0.466667
15 0.533333
15 0.533333
15 0.533333
15 0.533333
15 0.533333
15 0.533333
15 0.533333
15 0.4
15 0.533333
15 0.533333
15 0.533333
15 0.466667
15 0.533333
15 0.533333
15 0.533333
15 0.533333
15 0.533333
15 0.533333
15 0.533333
15 0.533333
15 0.533333
15 0.533333
15 0.533333
15 0.533333
15 0.533333
15 0.533333
15 0.533333
15 0.533333
15 0.533333
15 0.533333
15 0.533333
15 0.533333
15 0.533333
15 0.533333
15 0.533333
15 0.533333
15 0.533333
15 0.533333
15 0.533333
15 0.533333
15 0.533333
15 0.533333
15 0.466667
15 0.533333
15 0.533333
15 0.533333
15 0.533333
15 0.533333
15 0.533333
15 0.533333
15 0.533333
15 0.466667
15 0.533333
15 0.533333
15 0.533333
15 0.533333
15 0.466667
15 0.533333
15 0.533333
15 0.533333
15 0.533333
15 0.533333
15 0.533333
15 0.533333
15 0.533333
15 0.533333
15 0.533333
15 0.533333
15 0.533333
15 0.533333
15 0.533333
