30 0.266667
30 0.266667
30 0.233333
30 0.266667
30 0.233333
30 0.266667
30 0.233333
30 0.266667
30 0.266667
30 0.233333
30 0.266667
30 0.266667
30 0.266667
30 0.233333
30 0.266667
30 0.266667
30 0.266667
30 0.233333
30 0.266667
30 0.266667
30 0.266667
30 0.266667
30 0.233333
30 0.266667
30 0.233333
30 0.233333
30 0.266667
30 0.233333
30 0.233333
30 0.233333
30 0.233333
30 0.233333
30 0.233333
30 0.233333
30 0.266667
30 0.233333
30 0.3
30 0.266667
30 0.233333
30 0.233333
30 0.266667
30 0.233333
30 0.266667
30 0.233333
30 0.266667
30 0.266667
30 0.266667
30 0.266667
30 0.266667
30 0.233333
30 0.266667
30 0.266667
30 0.266667
30 0.2
30 0.233333
30 0.266667
30 0.233333
30 0.266667
30 0.266667
30 0.266667
30 0.266667
30 0.233333
30 0.266667
30 0.266667
30 0.266667
30 0.266667
30 0.266667
30 0.266667
30 0.266667
30 0.266667
30 0.266667
30 0.3
30 0.266667
30 0.233333
30 0.233333
30 0.266667
30 0.266667
30 0.266667
30 0.266667
30 0.266667
30 0.266667
30 0.233333
30 0.233333
30 0.266667
30 0.233333
30 0.266667
30 0.266667
30 0.266667
30 0.266667
30 0.266667
30 0.266667
30 0.266667
30 0.233333
30 0.266667
30 0.233333
30 0.233333
30 0.266667
30 0.233333
30 0.233333
30 0.233333
