25 0.24
25 0.24
25 0.24
25 0.36
25 0.24
25 0.24
25 0.24
25 0.24
25 0.24
25 0.36
25 0.24
25 0.24
25 0.24
25 0.24
25 0.2
25 0.24
25 0.2
25 0.32
25 0.24
25 0.2
25 0.24
25 0.24
25 0.2
25 0.2
25 0.2
25 0.36
25 0.2
25 0.36
25 0.36
25 0.24
25 0.36
25 0.24
25 0.2
25 0.24
25 0.2
25 0.24
25 0.36
25 0.32
25 0.24
25 0.24
25 0.2
25 0.24
25 0.24
25 0.24
25 0.24
25 0.2
25 0.24
25 0.24
25 0.32
25 0.2
25 0.2
25 0.36
25 0.24
25 0.2
25 0.2
25 0.24
25 0.2
25 0.36
25 0.32
25 0.2
25 0.2
25 0.2
25 0.2
25 0.2
25 0.32
25 0.24
25 0.24
25 0.2
25 0.24
25 0.2
25 0.24
25 0.24
25 0.2
25 0.36
25 0.2
25 0.2
25 0.24
25 0.24
25 0.24
25 0.24
25 0.36
25 0.24
25 0.2
25 0.24
25 0.2
25 0.2
25 0.24
25 0.24
25 0.24
25 0.2
25 0.24
25 0.36
25 0.2
25 0.24
25 0.2
25 0.36
25 0.2
25 0.24
25 0.2
25 0.24
