25 0.36
25 0.36
25 0.36
25 0.32
25 0.36
25 0.36
25 0.36
25 0.4
25 0.36
25 0.36
25 0.36
25 0.32
25 0.36
25 0.36
25 0.4
25 0.36
25 0.4
25 0.4
25 0.36
25 0.36
25 0.36
25 0.36
25 0.4
25 0.4
25 0.36
25 0.36
25 0.36
25 0.4
25 0.36
25 0.36
25 0.36
25 0.36
25 0.36
25 0.36
25 0.36
25 0.36
25 0.36
25 0.32
25 0.36
25 0.36
25 0.36
25 0.36
25 0.32
25 0.36
25 0.32
25 0.36
25 0.36
25 0.36
25 0.36
25 0.36
25 0.36
25 0.36
25 0.36
25 0.36
25 0.36
25 0.36
25 0.36
25 0.36
25 0.4
25 0.36
25 0.4
25 0.36
25 0.36
25 0.4
25 0.4
25 0.4
25 0.4
25 0.36
25 0.36
25 0.36
25 0.36
25 0.36
25 0.4
25 0.36
25 0.36
25 0.36
25 0.36
25 0.32
25 0.36
25 0.36
25 0.36
25 0.36
25 0.36
25 0.4
25 0.36
25 0.36
25 0.4
25 0.4
25 0.36
25 0.36
25 0.36
25 0.4
25 0.4
25 0.36
25 0.36
25 0.36
25 0.36
25 0.36
25 0.36
25 0.36
