20 0.5
20 0.3
20 0.4
20 0.5
20 0.4
20 0.6
20 0.5
20 0.5
20 0.4
20 0.55
20 0.45
20 0.45
20 0.55
20 0.5
20 0.35
20 0.4
20 0.4
20 0.4
20 0.4
20 0.55
20 0.4
20 0.4
20 0.45
20 0.5
20 0.45
20 0.35
20 0.45
20 0.5
20 0.4
20 0.35
20 0.4
20 0.45
20 0.45
20 0.5
20 0.45
20 0.35
20 0.4
20 0.35
20 0.35
20 0.35
20 0.3
20 0.4
20 0.45
20 0.35
20 0.6
20 0.45
20 0.4
20 0.4
20 0.4
20 0.35
20 0.5
20 0.5
20 0.5
20 0.35
20 0.5
20 0.3
20 0.55
20 0.5
20 0.5
20 0.4
20 0.45
20 0.4
20 0.4
20 0.45
20 0.45
20 0.4
20 0.55
20 0.6
20 0.4
20 0.4
20 0.45
20 0.35
20 0.35
20 0.5
20 0.4
20 0.4
20 0.45
20 0.35
20 0.35
20 0.5
20 0.4
20 0.6
20 0.5
20 0.4
20 0.45
20 0.3
20 0.45
20 0.5
20 0.4
20 0.35
20 0.3
20 0.45
20 0.35
20 0.25
20 0.5
20 0.45
20 0.4
20 0.5
20 0.35
20 0.35
