30 0.4
30 0.4
30 0.466667
30 0.433333
30 0.433333
30 0.466667
30 0.4
30 0.4
30 0.3
30 0.333333
30 0.433333
30 0.4
30 0.366667
30 0.433333
30 0.433333
30 0.3
30 0.4
30 0.433333
30 0.433333
30 0.366667
30 0.333333
30 0.366667
30 0.4
30 0.333333
30 0.433333
30 0.433333
30 0.3
30 0.466667
30 0.366667
30 0.333333
30 0.333333
30 0.5
30 0.4
30 0.4
30 0.3
30 0.4
30 0.466667
30 0.433333
30 0.333333
30 0.4
30 0.333333
30 0.433333
30 0.4
30 0.366667
30 0.433333
30 0.466667
30 0.433333
30 0.333333
30 0.366667
30 0.4
30 0.4
30 0.366667
30 0.366667
30 0.4
30 0.466667
30 0.4
30 0.366667
30 0.4
30 0.433333
30 0.333333
30 0.3
30 0.4
30 0.3
30 0.433333
30 0.466667
30 0.366667
30 0.366667
30 0.466667
30 0.466667
30 0.5
30 0.4
30 0.333333
30 0.4
30 0.3
30 0.466667
30 0.333333
30 0.4
30 0.4
30 0.433333
30 0.466667
30 0.4
30 0.366667
30 0.366667
30 0.433333
30 0.366667
30 0.466667
30 0.4
30 0.366667
30 0.333333
30 0.366667
30 0.333333
30 0.366667
30 0.366667
30 0.4
30 0.4
30 0.433333
30 0.4
30 0.433333
30 0.433333
30 0.366667
