0 9 0.55583
1 49 0.782302
2 15 0.583272
2 3 0.617882
3 49 0.58605
4 49 0.643533
5 28 0.510626
6 20 0.619219
7 20 0.761671
8 48 0.766998
9 20 0.576114
10 19 0.648374
11 42 0.717066
12 15 0.58962
13 20 0.655173
14 15 0.708892
14 3 0.539678
15 49 0.59827
16 49 0.732289
17 42 0.699921
18 15 0.696088
18 3 0.728542
19 49 0.580514
20 42 0.740282
21 49 0.501304
22 49 0.588753
23 20 0.643132
24 25 0.672671
25 3 0.630934
25 15 0.580218
26 17 0.763229
27 42 0.647577
28 25 0.66929
29 24 0.61433
30 44 0.63983
31 37 0.509007
32 49 0.633806
33 25 0.536362
34 10 0.638766
35 32 0.748189
36 10 0.576593
37 18 0.511421
38 29 0.674075
39 49 0.768314
40 3 0.679514
41 14 0.504891
42 25 0.725822
43 40 0.691555
44 42 0.717237
45 15 0.690505
46 2 0.693779
47 10 0.675085
48 47 0.5998
