10 0.325
10 0.35
10 0.325
10 0.375
10 0.325
10 0.325
10 0.3
10 0.35
10 0.325
10 0.325
10 0.3
10 0.325
10 0.35
10 0.3
10 0.3
10 0.35
10 0.35
10 0.325
10 0.325
10 0.3
10 0.325
10 0.325
10 0.35
10 0.3
10 0.35
10 0.325
10 0.325
10 0.35
10 0.325
10 0.35
10 0.325
10 0.325
10 0.35
10 0.35
10 0.325
10 0.325
10 0.375
10 0.375
10 0.35
10 0.375
10 0.325
10 0.325
10 0.325
10 0.325
10 0.35
10 0.325
10 0.325
10 0.375
10 0.325
10 0.325
10 0.325
10 0.35
10 0.35
10 0.35
10 0.35
10 0.35
10 0.3
10 0.3
10 0.35
10 0.375
10 0.35
10 0.325
10 0.325
10 0.325
10 0.3
10 0.375
10 0.375
10 0.35
10 0.375
10 0.35
10 0.35
10 0.35
10 0.35
10 0.35
10 0.325
10 0.3
10 0.325
10 0.325
10 0.35
10 0.35
10 0.35
10 0.35
10 0.35
10 0.35
10 0.35
10 0.3
10 0.35
10 0.325
10 0.35
10 0.325
10 0.35
10 0.35
10 0.35
10 0.3
10 0.35
10 0.35
10 0.35
10 0.35
10 0.35
10 0.35
