30 0.4
30 0.4
30 0.45
30 0.4
30 0.45
30 0.45
30 0.4
30 0.4
30 0.4
30 0.45
30 0.4
30 0.45
30 0.45
30 0.5
30 0.4
30 0.45
30 0.4
30 0.45
30 0.45
30 0.4
30 0.45
30 0.4
30 0.45
30 0.4
30 0.4
30 0.45
30 0.45
30 0.5
30 0.45
30 0.45
30 0.15
30 0.45
30 0.4
30 0.45
30 0.2
30 0.45
30 0.45
30 0.4
30 0.4
30 0.45
30 0.45
30 0.4
30 0.2
30 0.45
30 0.25
30 0.45
30 0.4
30 0.2
30 0.4
30 0.4
30 0.45
30 0.5
30 0.5
30 0.4
30 0.4
30 0.45
30 0.4
30 0.45
30 0.4
30 0.45
30 0.4
30 0.4
30 0.4
30 0.4
30 0.45
30 0.45
30 0.45
30 0.45
30 0.4
30 0.4
30 0.45
30 0.15
30 0.4
30 0.45
30 0.45
30 0.45
30 0.45
30 0.45
30 0.4
30 0.25
30 0.4
30 0.45
30 0.45
30 0.5
30 0.45
30 0.45
30 0.45
30 0.45
30 0.45
30 0.45
30 0.4
30 0.45
30 0.4
30 0.45
30 0.4
30 0.4
30 0.45
30 0.4
30 0.5
30 0.4
