20 0.5
20 0.633333
20 0.533333
20 0.666667
20 0.666667
20 0.566667
20 0.6
20 0.5
20 0.533333
20 0.566667
20 0.533333
20 0.5
20 0.5
20 0.566667
20 0.566667
20 0.666667
20 0.666667
20 0.6
20 0.533333
20 0.533333
20 0.533333
20 0.666667
20 0.566667
20 0.633333
20 0.7
20 0.633333
20 0.6
20 0.6
20 0.566667
20 0.566667
20 0.533333
20 0.633333
20 0.666667
20 0.566667
20 0.533333
20 0.5
20 0.433333
20 0.666667
20 0.433333
20 0.566667
20 0.533333
20 0.666667
20 0.533333
20 0.533333
20 0.566667
20 0.666667
20 0.5
20 0.533333
20 0.566667
20 0.6
20 0.566667
20 0.5
20 0.6
20 0.5
20 0.633333
20 0.6
20 0.633333
20 0.6
20 0.5
20 0.433333
20 0.7
20 0.6
20 0.533333
20 0.5
20 0.666667
20 0.633333
20 0.533333
20 0.466667
20 0.633333
20 0.633333
20 0.6
20 0.466667
20 0.666667
20 0.566667
20 0.633333
20 0.633333
20 0.6
20 0.5
20 0.633333
20 0.6
20 0.466667
20 0.6
20 0.5
20 0.566667
20 0.566667
20 0.566667
20 0.5
20 0.6
20 0.566667
20 0.6
20 0.566667
20 0.6
20 0.566667
20 0.666667
20 0.5
20 0.666667
20 0.566667
20 0.633333
20 0.566667
20 0.566667
