5 0.533333
5 0.533333
5 0.511111
5 0.555556
5 0.577778
5 0.511111
5 0.555556
5 0.555556
5 0.577778
5 0.466667
5 0.533333
5 0.444444
5 0.488889
5 0.466667
5 0.466667
5 0.444444
5 0.577778
5 0.488889
5 0.555556
5 0.555556
5 0.444444
5 0.555556
5 0.533333
5 0.511111
5 0.488889
5 0.488889
5 0.511111
5 0.533333
5 0.511111
5 0.6
5 0.533333
5 0.511111
5 0.622222
5 0.533333
5 0.555556
5 0.533333
5 0.511111
5 0.555556
5 0.533333
5 0.466667
5 0.577778
5 0.488889
5 0.488889
5 0.533333
5 0.511111
5 0.466667
5 0.533333
5 0.577778
5 0.511111
5 0.533333
5 0.511111
5 0.511111
5 0.488889
5 0.4
5 0.555556
5 0.577778
5 0.533333
5 0.511111
5 0.466667
5 0.4
5 0.466667
5 0.488889
5 0.488889
5 0.488889
5 0.422222
5 0.488889
5 0.466667
5 0.533333
5 0.422222
5 0.555556
5 0.511111
5 0.466667
5 0.511111
5 0.533333
5 0.466667
5 0.511111
5 0.511111
5 0.555556
5 0.577778
5 0.488889
5 0.511111
5 0.466667
5 0.555556
5 0.466667
5 0.555556
5 0.577778
5 0.466667
5 0.555556
5 0.466667
5 0.444444
5 0.533333
5 0.555556
5 0.511111
5 0.488889
5 0.4
5 0.533333
5 0.488889
5 0.533333
5 0.511111
5 0.555556
