15 0.371429
15 0.371429
15 0.371429
15 0.371429
15 0.4
15 0.428571
15 0.371429
15 0.4
15 0.371429
15 0.4
15 0.371429
15 0.371429
15 0.371429
15 0.4
15 0.371429
15 0.4
15 0.4
15 0.371429
15 0.371429
15 0.4
15 0.4
15 0.4
15 0.371429
15 0.4
15 0.371429
15 0.371429
15 0.371429
15 0.371429
15 0.371429
15 0.4
15 0.4
15 0.4
15 0.4
15 0.371429
15 0.371429
15 0.4
15 0.4
15 0.371429
15 0.342857
15 0.4
15 0.4
15 0.371429
15 0.4
15 0.4
15 0.371429
15 0.4
15 0.371429
15 0.4
15 0.371429
15 0.371429
15 0.371429
15 0.371429
15 0.4
15 0.371429
15 0.4
15 0.371429
15 0.371429
15 0.371429
15 0.371429
15 0.4
15 0.4
15 0.342857
15 0.371429
15 0.371429
15 0.371429
15 0.371429
15 0.371429
15 0.371429
15 0.371429
15 0.371429
15 0.371429
15 0.371429
15 0.4
15 0.371429
15 0.4
15 0.4
15 0.371429
15 0.4
15 0.342857
15 0.371429
15 0.371429
15 0.371429
15 0.371429
15 0.371429
15 0.4
15 0.4
15 0.371429
15 0.342857
15 0.371429
15 0.4
15 0.4
15 0.371429
15 0.4
15 0.4
15 0.371429
15 0.371429
15 0.4
15 0.371429
15 0.371429
15 0.371429
