20 0.333333
20 0.3
20 0.3
20 0.3
20 0.3
20 0.333333
20 0.3
20 0.333333
20 0.333333
20 0.3
20 0.333333
20 0.3
20 0.3
20 0.333333
20 0.3
20 0.3
20 0.333333
20 0.333333
20 0.333333
20 0.3
20 0.333333
20 0.333333
20 0.3
20 0.3
20 0.333333
20 0.3
20 0.3
20 0.333333
20 0.333333
20 0.3
20 0.3
20 0.366667
20 0.3
20 0.333333
20 0.3
20 0.366667
20 0.333333
20 0.333333
20 0.333333
20 0.333333
20 0.333333
20 0.333333
20 0.3
20 0.3
20 0.3
20 0.366667
20 0.3
20 0.3
20 0.333333
20 0.3
20 0.333333
20 0.3
20 0.333333
20 0.333333
20 0.333333
20 0.3
20 0.3
20 0.3
20 0.333333
20 0.3
20 0.333333
20 0.3
20 0.3
20 0.3
20 0.3
20 0.333333
20 0.3
20 0.333333
20 0.3
20 0.3
20 0.3
20 0.333333
20 0.333333
20 0.3
20 0.333333
20 0.333333
20 0.3
20 0.333333
20 0.3
20 0.3
20 0.3
20 0.333333
20 0.333333
20 0.3
20 0.3
20 0.366667
20 0.3
20 0.333333
20 0.333333
20 0.333333
20 0.3
20 0.3
20 0.3
20 0.333333
20 0.3
20 0.3
20 0.333333
20 0.3
20 0.3
20 0.3
