5 0.0888889
5 0.111111
5 0.111111
5 0.111111
5 0.0888889
5 0.0888889
5 0.111111
5 0.0888889
5 0.111111
5 0.111111
5 0.111111
5 0.111111
5 0.111111
5 0.0888889
5 0.111111
5 0.111111
5 0.111111
5 0.111111
5 0.111111
5 0.0888889
5 0.111111
5 0.111111
5 0.0888889
5 0.111111
5 0.0888889
5 0.111111
5 0.111111
5 0.0888889
5 0.111111
5 0.111111
5 0.111111
5 0.111111
5 0.111111
5 0.111111
5 0.0888889
5 0.111111
5 0.111111
5 0.0888889
5 0.111111
5 0.111111
5 0.0888889
5 0.111111
5 0.111111
5 0.111111
5 0.111111
5 0.0888889
5 0.111111
5 0.0888889
5 0.111111
5 0.111111
5 0.111111
5 0.111111
5 0.111111
5 0.0888889
5 0.111111
5 0.0888889
5 0.0888889
5 0.111111
5 0.111111
5 0.111111
5 0.111111
5 0.111111
5 0.111111
5 0.111111
5 0.111111
5 0.111111
5 0.111111
5 0.111111
5 0.0888889
5 0.111111
5 0.111111
5 0.111111
5 0.0888889
5 0.111111
5 0.0888889
5 0.111111
5 0.0888889
5 0.111111
5 0.111111
5 0.0888889
5 0.111111
5 0.0888889
5 0.111111
5 0.0888889
5 0.0888889
5 0.0888889
5 0.111111
5 0.111111
5 0.111111
5 0.0888889
5 0.133333
5 0.111111
5 0.133333
5 0.0888889
5 0.0888889
5 0.111111
5 0.111111
5 0.111111
5 0.0888889
5 0.0888889
