30 0.55
30 0.55
30 0.55
30 0.55
30 0.55
30 0.55
30 0.55
30 0.55
30 0.55
30 0.55
30 0.55
30 0.55
30 0.55
30 0.55
30 0.55
30 0.55
30 0.55
30 0.55
30 0.55
30 0.55
30 0.55
30 0.55
30 0.55
30 0.55
30 0.55
30 0.55
30 0.55
30 0.55
30 0.55
30 0.55
30 0.55
30 0.5
30 0.55
30 0.55
30 0.55
30 0.55
30 0.55
30 0.55
30 0.55
30 0.55
30 0.55
30 0.55
30 0.55
30 0.55
30 0.55
30 0.55
30 0.55
30 0.55
30 0.55
30 0.55
30 0.55
30 0.55
30 0.55
30 0.55
30 0.55
30 0.55
30 0.55
30 0.55
30 0.55
30 0.55
30 0.6
30 0.55
30 0.55
30 0.55
30 0.55
30 0.55
30 0.55
30 0.5
30 0.6
30 0.55
30 0.55
30 0.55
30 0.55
30 0.5
30 0.55
30 0.6
30 0.55
30 0.55
30 0.55
30 0.55
30 0.55
30 0.55
30 0.55
30 0.5
30 0.5
30 0.55
30 0.55
30 0.55
30 0.55
30 0.55
30 0.55
30 0.55
30 0.55
30 0.55
30 0.55
30 0.55
30 0.55
30 0.55
30 0.55
30 0.55
