15 0.228571
15 0.285714
15 0.228571
15 0.285714
15 0.257143
15 0.257143
15 0.257143
15 0.285714
15 0.228571
15 0.257143
15 0.228571
15 0.257143
15 0.257143
15 0.285714
15 0.257143
15 0.257143
15 0.228571
15 0.257143
15 0.228571
15 0.228571
15 0.2
15 0.257143
15 0.285714
15 0.257143
15 0.228571
15 0.228571
15 0.257143
15 0.257143
15 0.285714
15 0.257143
15 0.257143
15 0.285714
15 0.285714
15 0.285714
15 0.257143
15 0.257143
15 0.257143
15 0.228571
15 0.285714
15 0.257143
15 0.228571
15 0.257143
15 0.314286
15 0.228571
15 0.285714
15 0.257143
15 0.257143
15 0.228571
15 0.285714
15 0.257143
15 0.285714
15 0.257143
15 0.257143
15 0.228571
15 0.2
15 0.257143
15 0.285714
15 0.285714
15 0.285714
15 0.257143
15 0.285714
15 0.257143
15 0.285714
15 0.257143
15 0.228571
15 0.285714
15 0.257143
15 0.2
15 0.285714
15 0.257143
15 0.228571
15 0.314286
15 0.285714
15 0.285714
15 0.257143
15 0.228571
15 0.228571
15 0.285714
15 0.257143
15 0.257143
15 0.257143
15 0.257143
15 0.228571
15 0.314286
15 0.257143
15 0.257143
15 0.285714
15 0.285714
15 0.228571
15 0.257143
15 0.257143
15 0.228571
15 0.228571
15 0.257143
15 0.257143
15 0.257143
15 0.228571
15 0.285714
15 0.257143
15 0.285714
