10 0.225
10 0.25
10 0.2
10 0.3
10 0.3
10 0.25
10 0.25
10 0.25
10 0.3
10 0.15
10 0.275
10 0.3
10 0.2
10 0.225
10 0.275
10 0.2
10 0.325
10 0.25
10 0.15
10 0.4
10 0.25
10 0.2
10 0.35
10 0.25
10 0.325
10 0.3
10 0.225
10 0.275
10 0.3
10 0.225
10 0.15
10 0.25
10 0.175
10 0.2
10 0.225
10 0.25
10 0.2
10 0.3
10 0.225
10 0.275
10 0.2
10 0.35
10 0.375
10 0.25
10 0.25
10 0.275
10 0.25
10 0.275
10 0.225
10 0.275
10 0.25
10 0.2
10 0.25
10 0.25
10 0.225
10 0.3
10 0.25
10 0.3
10 0.3
10 0.3
10 0.225
10 0.2
10 0.225
10 0.225
10 0.2
10 0.2
10 0.125
10 0.225
10 0.25
10 0.3
10 0.225
10 0.275
10 0.275
10 0.275
10 0.25
10 0.275
10 0.25
10 0.275
10 0.25
10 0.225
10 0.275
10 0.2
10 0.2
10 0.2
10 0.15
10 0.3
10 0.275
10 0.25
10 0.3
10 0.325
10 0.2
10 0.225
10 0.125
10 0.325
10 0.175
10 0.2
10 0.25
10 0.225
10 0.25
10 0.25
