10 0.00735925 0.718232 0.274409 0
10 0.0161338 0.651273 0.332594 0
10 0.0101164 0.682554 0.30733 0
10 0.00836193 0.738422 0.253216 0
10 0.00861151 0.743777 0.230798 0.0168143
10 0.00542409 0.740977 0.253599 0
10 0.00585338 0.75418 0.239966 0
10 0.00497378 0.781186 0.21384 0
10 0.00699966 0.745588 0.247412 0
10 0.0382849 0.626446 0.335269 0
10 0.00577783 0.750134 0.244088 0
10 0.0085918 0.703153 0.271205 0.0170503
10 0.00888253 0.728467 0.26265 0
10 0.00709071 0.73345 0.24627 0.0131898
10 0.00672608 0.748045 0.245229 0
10 0.00573385 0.734313 0.259953 0
10 0.00634976 0.718169 0.275481 0
10 0.00679968 0.664608 0.328592 0
10 0.00521068 0.769435 0.225354 0
10 0.00952125 0.716354 0.274125 0
10 0.00672867 0.738981 0.25429 0
10 0.0168925 0.721407 0.261701 0
10 0.00632032 0.775666 0.218014 0
10 0.00857505 0.729935 0.26149 0
10 0.00728645 0.784132 0.208581 0
10 0.00735105 0.774027 0.218622 0
10 0.0244077 0.709082 0.266511 0
10 0.00560882 0.778135 0.216256 0
10 0.00695632 0.754274 0.238769 0
10 0.00574566 0.731986 0.245879 0.0163889
10 0.00556029 0.767507 0.226933 0
10 0.00768798 0.739307 0.253005 0
10 0.00708663 0.7577 0.235213 0
10 0.00626129 0.761316 0.232423 0
10 0.0117235 0.766258 0.222019 0
10 0.00590728 0.773701 0.220391 0
10 0.00617556 0.742775 0.25105 0
10 0.010923 0.761646 0.227431 0
10 0.0217949 0.729208 0.248997 0
10 0.00639501 0.786484 0.205531 0.00158954
10 0.00830353 0.691288 0.300408 0
10 0.00752245 0.740838 0.25164 0
10 0.00761995 0.71734 0.27504 0
10 0.00757592 0.723869 0.268555 0
10 0.00818181 0.747054 0.244764 0
10 0.00777688 0.728474 0.263749 0
10 0.00709293 0.750276 0.236333 0.00629798
10 0.0062562 0.726775 0.266969 0
10 0.0073736 0.774187 0.218439 0
10 0.00753991 0.729656 0.262804 0
10 0.00706317 0.724403 0.268534 0
10 0.0166511 0.759348 0.224001 0
10 0.00654265 0.752298 0.241159 0
10 0.00785781 0.755464 0.236678 0
10 0.00613535 0.777515 0.21635 0
10 0.00644091 0.743647 0.249912 0
10 0.00723792 0.777178 0.206729 0.00885488
10 0.00634831 0.764692 0.228959 0
10 0.00721107 0.780194 0.212595 0
10 0.00736652 0.751772 0.240861 0
10 0.0184521 0.716606 0.264942 0
10 0.0097016 0.740471 0.234151 0.015676
10 0.00554743 0.765272 0.22918 0
10 0.014203 0.690921 0.294876 0
10 0.00840097 0.748605 0.242994 0
10 0.00701411 0.735665 0.243981 0.0133398
10 0.0102023 0.72843 0.261368 0
10 0.013422 0.67576 0.310818 0
10 0.00730343 0.668453 0.296597 0.0276467
10 0.0102076 0.760624 0.213861 0.0153067
10 0.0125426 0.718952 0.268506 0
10 0.00828364 0.71615 0.269647 0.00591869
10 0.0132596 0.675545 0.311195 0
10 0.0100373 0.751494 0.238468 0
10 0.00372771 0.803262 0.19301 0
10 0.00981227 0.746228 0.24396 0
10 0.00562274 0.768231 0.226146 0
10 0.00690201 0.754866 0.238232 0
10 0.00818639 0.698095 0.293719 0
10 0.00761806 0.728465 0.263917 0
10 0.00843823 0.747314 0.244248 0
10 0.00812696 0.734757 0.257116 0
10 0.00899411 0.712823 0.278183 0
10 0.00562145 0.751855 0.235068 0.00745538
10 0.00452591 0.75284 0.242634 0
10 0.00702298 0.745352 0.247625 0
10 0.00707644 0.775821 0.217103 0
10 0.00746358 0.738102 0.254434 0
10 0.0113951 0.735374 0.253231 0
10 0.00895069 0.703299 0.287751 0
10 0.0095336 0.693572 0.296894 0
10 0.0074865 0.773362 0.219152 0
10 0.00544661 0.731951 0.262603 0
10 0.00629273 0.785123 0.208585 0
10 0.00879914 0.734491 0.25671 0
10 0.0102974 0.72338 0.266323 0
10 0.0057008 0.791313 0.202986 0
10 0.00662649 0.709098 0.284275 0
10 0.00852176 0.750891 0.226659 0.013928
10 0.0537487 0.603444 0.333327 0.00948023
