25 0.166474 0.316519 0.517008 0
25 0.154693 0.284718 0.560589 0
25 0.1593 0.234165 0.473792 0.132743
25 0.155631 0.347081 0.497288 0
25 0.177063 0.383816 0.439121 0
25 0.17212 0.252033 0.575848 0
25 0.179985 0.312284 0.507731 0
25 0.27826 0.379955 0.341785 0
25 0.257968 0.261178 0.480853 0
25 0.167525 0.289978 0.542497 0
25 0.186534 0.345292 0.4649 0.00327371
25 0.175572 0.307282 0.517146 0
25 0.191335 0.312266 0.392919 0.10348
25 0.135831 0.337444 0.526725 0
25 0.219667 0.350119 0.430214 0
25 0.317688 0.198222 0.48409 0
25 0.141403 0.288337 0.57026 0
25 0.184915 0.353192 0.461892 0
25 0.153633 0.151916 0.554764 0.139687
25 0.234667 0.1652 0.600133 0
25 0.176175 0.21749 0.533663 0.0726722
25 0.477798 0.136738 0.385464 0
25 0.339441 0.266945 0.393613 0
25 0.188546 0.286531 0.524923 0
25 0.167969 0.200816 0.631215 0
25 0.201314 0.242562 0.556124 0
25 0.213099 0.236972 0.549929 0
25 0.141607 0.276536 0.581857 0
25 0.185618 0.336208 0.478174 0
25 0.247957 0.16581 0.586233 0
25 0.309201 0.0652196 0.351479 0.274101
25 0.104155 0.375726 0.520119 0
25 0.178725 0.296351 0.524924 0
25 0.149081 0.347988 0.502931 0
25 0.130188 0.315863 0.55395 0
25 0.196754 0.351667 0.451579 0
25 0.177037 0.215838 0.524919 0.0822063
25 0.186676 0.348996 0.464328 0
25 0.162671 0.171633 0.665697 0
25 0.169866 0.273786 0.556348 0
25 0.177708 0.314121 0.508172 0
25 0.135 0.291888 0.573112 0
25 0.158206 0.210559 0.540316 0.0909198
25 0.141801 0.306285 0.551913 0
25 0.187433 0.300905 0.511662 0
25 0.256274 0.252171 0.491555 0
25 0.19375 0.27004 0.53621 0
25 0.189557 0.300764 0.509678 0
25 0.25385 0.223208 0.522942 0
25 0.23731 0.259978 0.502713 0
25 0.255376 0.273307 0.471317 0
25 0.254739 0.257774 0.487487 0
25 0.1761 0.249025 0.574875 0
25 0.128873 0.276365 0.538178 0.0565847
25 0.256401 0.183014 0.389233 0.171353
25 0.175894 0.331322 0.492784 0
25 0.215092 0.232153 0.552756 0
25 0.226212 0.29426 0.479529 0
25 0.157166 0.350638 0.492196 0
25 0.134984 0.202594 0.662422 0
25 0.160493 0.363699 0.475808 0
25 0.139499 0.166327 0.694174 0
25 0.186146 0.26624 0.547615 0
25 0.232246 0.122195 0.645558 0
25 0.131815 0.317601 0.550584 0
25 0.162342 0.280504 0.557153 0
25 0.196692 0.32104 0.482268 0
25 0.198024 0.152271 0.649705 0
25 0.24995 0.350551 0.399499 0
25 0.182893 0.273393 0.543714 0
25 0.199485 0.29053 0.509985 0
25 0.131624 0.260378 0.607998 0
25 0.35696 0.201329 0.441712 0
25 0.150004 0.237951 0.612045 0
25 0.189481 0.334588 0.475931 0
25 0.142103 0.325865 0.532032 0
25 0.234026 0.285863 0.48011 0
25 0.139489 0.362565 0.497946 0
25 0.198299 0.260048 0.541653 0
25 0.158533 0.353488 0.487979 0
25 0.154159 0.344082 0.501758 0
25 0.211934 0.24275 0.545316 0
25 0.138757 0.285988 0.575256 0
25 0.201862 0.251919 0.546219 0
25 0.216786 0.242506 0.540708 0
25 0.206209 0.295711 0.49808 0
25 0.240239 0.189952 0.569809 0
25 0.272288 0.236415 0.491297 0
25 0.313392 0.249628 0.43698 0
25 0.271503 0.117189 0.611308 0
25 0.139807 0.308698 0.551494 0
25 0.197256 0.336175 0.466568 0
25 0.231763 0.318884 0.449353 0
25 0.184088 0.32214 0.493773 0
25 0.217348 0.211085 0.571567 0
25 0.234164 0.279114 0.486722 0
25 0.504972 0.147316 0.347232 0.000479272
25 0.140078 0.243275 0.616648 0
25 0.229089 0.302849 0.468061 0
25 0.2102 0.299674 0.490125 0
