5 0.00960937 0.772281 0.21811 0
5 0.00998717 0.785356 0.204657 0
5 0.00814061 0.805981 0.185878 0
5 0.0122327 0.777437 0.21033 0
5 0.0155018 0.757486 0.227013 0
5 0.00896083 0.780051 0.210989 0
5 0.010227 0.751387 0.224863 0.0135232
5 0.00975899 0.762455 0.227786 0
5 0.00621482 0.78841 0.205375 0
5 0.0139383 0.771387 0.214674 0
5 0.0107416 0.782982 0.206276 0
5 0.0102735 0.760068 0.217403 0.0122549
5 0.00981292 0.764724 0.225463 0
5 0.0080413 0.784906 0.207053 0
5 0.0100118 0.780817 0.209171 0
5 0.00967039 0.754496 0.235834 0
5 0.0128104 0.721576 0.265613 0
5 0.0110313 0.765156 0.223813 0
5 0.00769886 0.798663 0.193638 0
5 0.0116267 0.768922 0.208601 0.0108499
5 0.0124414 0.803646 0.181429 0.00248335
5 0.00870732 0.805999 0.185293 0
5 0.00638093 0.792402 0.201217 0
5 0.0129039 0.728223 0.258873 0
5 0.00625841 0.810326 0.183416 0
5 0.011926 0.785629 0.202445 0
5 0.00856206 0.793604 0.197834 0
5 0.00703813 0.798898 0.194064 0
5 0.00823461 0.776236 0.21553 0
5 0.0142705 0.767623 0.218106 0
5 0.00891497 0.779834 0.211251 0
5 0.013548 0.756042 0.23041 0
5 0.0144586 0.767299 0.218243 0
5 0.00824625 0.798465 0.193289 0
5 0.00750065 0.758592 0.233907 0
5 0.0101833 0.78393 0.205887 0
5 0.0109228 0.739381 0.249697 0
5 0.0141162 0.765287 0.220597 0
5 0.00609837 0.788709 0.205193 0
5 0.00928421 0.766079 0.224636 0
5 0.00740439 0.756056 0.236539 0
5 0.0133755 0.788386 0.186717 0.0115211
5 0.0115234 0.789841 0.198636 0
5 0.00553711 0.811234 0.183229 0
5 0.00744173 0.819149 0.173409 0
5 0.00699948 0.785923 0.207078 0
5 0.00796562 0.791868 0.200166 0
5 0.0084926 0.785054 0.206453 0
5 0.00627759 0.818562 0.171586 0.00357424
5 0.0106462 0.821008 0.168345 0
5 0.0101025 0.76834 0.221558 0
5 0.0155986 0.766549 0.217853 0
5 0.0114896 0.767341 0.22117 0
5 0.0102959 0.797844 0.19186 0
5 0.00545359 0.794842 0.199705 0
5 0.0105472 0.7419 0.247553 0
5 0.011239 0.789829 0.198932 0
5 0.00828804 0.782935 0.190313 0.0184638
5 0.00692696 0.752992 0.240081 0
5 0.0139167 0.763519 0.222564 0
5 0.0103748 0.772705 0.212903 0.00401675
5 0.00838292 0.805479 0.186138 0
5 0.00945558 0.782021 0.208524 0
5 0.00826709 0.806708 0.185025 0
5 0.00921294 0.758697 0.23209 0
5 0.00982095 0.751696 0.238483 0
5 0.0104652 0.752807 0.236727 0
5 0.0115048 0.774543 0.213952 0
5 0.0099876 0.757512 0.2325 0
5 0.00595555 0.778891 0.195964 0.0191891
5 0.00627598 0.775762 0.217962 0
5 0.011505 0.783424 0.205071 0
5 0.00551993 0.815783 0.178697 0
5 0.011606 0.740977 0.247417 0
5 0.0126181 0.769715 0.206676 0.0109905
5 0.00587855 0.78564 0.208481 0
5 0.0107889 0.747014 0.242197 0
5 0.0118668 0.775386 0.204094 0.00865263
5 0.00920448 0.769459 0.221336 0
5 0.00887 0.831613 0.159517 0
5 0.00723566 0.779931 0.212833 0
5 0.00960589 0.755292 0.235102 0
5 0.00867689 0.766612 0.224711 0
5 0.0140727 0.735251 0.237186 0.01349
5 0.00983775 0.804975 0.185187 0
5 0.00820444 0.800037 0.191758 0
5 0.00579088 0.799944 0.194266 0
5 0.01227 0.770222 0.207389 0.0101193
5 0.0114133 0.758346 0.23024 0
5 0.00874939 0.771467 0.219783 0
5 0.0149786 0.747696 0.237325 0
5 0.0103177 0.787077 0.202605 0
5 0.012041 0.779314 0.208645 0
5 0.00718081 0.754635 0.238184 0
5 0.00675237 0.792023 0.201225 0
5 0.00800626 0.787857 0.204137 0
5 0.00995882 0.795666 0.194375 0
5 0.00378247 0.818242 0.177976 0
5 0.012939 0.772967 0.214094 0
5 0.00662265 0.771577 0.2218 0
