10 0.0968806 0.635012 0.268107 0
10 0.11079 0.571693 0.317517 0
10 0.10199 0.57028 0.32773 0
10 0.0657438 0.616758 0.317499 0
10 0.0889521 0.600732 0.310315 0
10 0.0870486 0.609966 0.302986 0
10 0.0981308 0.613904 0.287965 0
10 0.086835 0.651224 0.261941 0
10 0.0568868 0.668134 0.274979 0
10 0.105358 0.609782 0.28486 0
10 0.0853688 0.576063 0.338568 0
10 0.0941045 0.606585 0.299311 0
10 0.07087 0.606124 0.323006 0
10 0.0641567 0.626587 0.289684 0.0195724
10 0.0933429 0.602516 0.304141 0
10 0.131737 0.540365 0.327898 0
10 0.094731 0.60274 0.302529 0
10 0.0889097 0.576675 0.334415 0
10 0.0801251 0.683172 0.236703 0
10 0.0944126 0.608519 0.297068 0
10 0.0672467 0.602942 0.329812 0
10 0.0945365 0.610235 0.295228 0
10 0.0932762 0.631406 0.275318 0
10 0.117242 0.573481 0.309277 0
10 0.0835936 0.589248 0.288375 0.0387833
10 0.0591957 0.632786 0.308018 0
10 0.104122 0.577053 0.318825 0
10 0.073046 0.652212 0.274742 0
10 0.0914536 0.623212 0.285334 0
10 0.0849645 0.584207 0.330828 0
10 0.107292 0.561022 0.29555 0.0361362
10 0.121318 0.587881 0.290801 0
10 0.109072 0.565017 0.325911 0
10 0.0830014 0.655932 0.261066 0
10 0.0742998 0.657558 0.268142 0
10 0.0569364 0.716685 0.226379 0
10 0.102729 0.623981 0.27329 0
10 0.0581642 0.667313 0.274523 0
10 0.0661419 0.625233 0.308626 0
10 0.078053 0.62328 0.298667 0
10 0.10273 0.569649 0.32762 0
10 0.0868498 0.625927 0.287223 0
10 0.0777085 0.613257 0.309035 0
10 0.0861823 0.592993 0.320825 0
10 0.0779037 0.62241 0.299686 0
10 0.0734138 0.62707 0.295673 0.00384264
10 0.0792337 0.628726 0.29204 0
10 0.0788871 0.648404 0.272709 0
10 0.0940478 0.543459 0.362493 0
10 0.0846179 0.543125 0.366013 0.00624463
10 0.0717256 0.634438 0.293836 0
10 0.112805 0.51555 0.371645 0
10 0.0811188 0.59382 0.325061 0
10 0.0784149 0.638884 0.282701 0
10 0.113824 0.542132 0.344044 0
10 0.134559 0.560847 0.304594 0
10 0.0919938 0.64107 0.266936 0
10 0.0865583 0.664575 0.248867 0
10 0.0645442 0.590025 0.345431 0
10 0.0979669 0.61206 0.289974 0
10 0.145025 0.507809 0.347166 0
10 0.0929026 0.587996 0.319101 0
10 0.0836866 0.647702 0.268611 0
10 0.134546 0.580309 0.285145 0
10 0.0479255 0.614904 0.33717 0
10 0.0988465 0.606365 0.294789 0
10 0.0896624 0.60746 0.302878 0
10 0.0845471 0.597207 0.318245 0
10 0.0908879 0.449327 0.43659 0.0231959
10 0.109562 0.551978 0.33846 0
10 0.102811 0.575611 0.321578 0
10 0.121181 0.581778 0.29704 0
10 0.0971541 0.610941 0.291905 0
10 0.089648 0.594835 0.315517 0
10 0.166204 0.490479 0.334128 0.00918935
10 0.098931 0.571887 0.329182 0
10 0.101753 0.565816 0.332431 0
10 0.145678 0.524642 0.32968 0
10 0.0611685 0.656771 0.282061 0
10 0.11376 0.553847 0.332393 0
10 0.0890295 0.582968 0.328002 0
10 0.0706904 0.557938 0.371371 0
10 0.103125 0.574588 0.322286 0
10 0.110402 0.574643 0.314955 0
10 0.0784002 0.633196 0.288403 0
10 0.0780044 0.596203 0.325793 0
10 0.108504 0.566425 0.325071 0
10 0.0839632 0.6082 0.307837 0
10 0.0696532 0.614952 0.315395 0
10 0.0851781 0.60715 0.307672 0
10 0.0735033 0.57937 0.306532 0.0405945
10 0.0725012 0.621926 0.305573 0
10 0.101674 0.613394 0.284932 0
10 0.0705911 0.642635 0.286774 0
10 0.0826727 0.588221 0.296765 0.0323415
10 0.101629 0.620971 0.2774 0
10 0.0605418 0.621572 0.277622 0.0402642
10 0.0708412 0.593038 0.310141 0.0259794
10 0.0742279 0.678153 0.247619 0
10 0.119031 0.5255 0.35547 0
