15 0.107937 0.677712 0.214352 0
15 0.142812 0.605449 0.251738 0
15 0.129085 0.658487 0.212428 0
15 0.189396 0.519709 0.290895 0
15 0.175005 0.543859 0.281136 0
15 0.177913 0.559466 0.262622 0
15 0.137094 0.604382 0.258524 0
15 0.227891 0.430531 0.341578 0
15 0.182758 0.532464 0.284777 0
15 0.184641 0.556639 0.258721 0
15 0.162183 0.577993 0.259824 0
15 0.143109 0.587983 0.268908 0
15 0.121896 0.649047 0.229057 0
15 0.131055 0.62253 0.246415 0
15 0.15084 0.586741 0.262419 0
15 0.115739 0.67426 0.210001 0
15 0.155689 0.579464 0.264847 0
15 0.167532 0.571465 0.261003 0
15 0.209074 0.458912 0.319195 0.0128194
15 0.152082 0.591648 0.25627 0
15 0.109299 0.711947 0.175344 0.00340991
15 0.134174 0.644531 0.221295 0
15 0.144193 0.5967 0.259107 0
15 0.146128 0.574484 0.279389 0
15 0.106604 0.648194 0.245202 0
15 0.161087 0.564888 0.274025 0
15 0.178129 0.564834 0.257037 0
15 0.114922 0.664108 0.22097 0
15 0.184295 0.506783 0.308922 0
15 0.122505 0.649017 0.228478 0
15 0.12335 0.624577 0.252073 0
15 0.117178 0.675346 0.207476 0
15 0.182974 0.563603 0.253423 0
15 0.148291 0.62559 0.226119 0
15 0.1495 0.56987 0.266198 0.0144319
15 0.158919 0.557902 0.283179 0
15 0.182936 0.551754 0.26531 0
15 0.154381 0.563312 0.282307 0
15 0.164018 0.57411 0.261872 0
15 0.13262 0.613501 0.25388 0
15 0.178296 0.524882 0.283255 0.0135674
15 0.130379 0.629919 0.239703 0
15 0.148006 0.580247 0.271747 0
15 0.154663 0.592648 0.252689 0
15 0.148661 0.619311 0.232028 0
15 0.145802 0.568056 0.286141 0
15 0.129289 0.589706 0.273983 0.00702288
15 0.198348 0.513014 0.288638 0
15 0.121504 0.657775 0.220721 0
15 0.172448 0.557295 0.270257 0
15 0.159077 0.592808 0.241152 0.00696407
15 0.139394 0.597947 0.262659 0
15 0.171446 0.590644 0.23791 0
15 0.137607 0.588753 0.254793 0.0188467
15 0.18289 0.532894 0.284217 0
15 0.205429 0.502499 0.292072 0
15 0.136411 0.64209 0.221499 0
15 0.165353 0.567778 0.262354 0.00451495
15 0.145332 0.604578 0.250089 0
15 0.161877 0.563927 0.258533 0.0156636
15 0.185207 0.539445 0.269277 0.00607132
15 0.147635 0.594086 0.25828 0
15 0.147045 0.633206 0.219749 0
15 0.13617 0.618095 0.245735 0
15 0.179244 0.538031 0.282725 0
15 0.14217 0.593218 0.264612 0
15 0.192245 0.514618 0.293137 0
15 0.154138 0.633082 0.21278 0
15 0.152257 0.603901 0.243842 0
15 0.114469 0.670498 0.215033 0
15 0.203011 0.477094 0.319895 0
15 0.131457 0.630421 0.238122 0
15 0.197669 0.504922 0.297409 0
15 0.165154 0.583773 0.251072 0
15 0.147338 0.602564 0.250099 0
15 0.170553 0.59253 0.236917 0
15 0.103676 0.644741 0.251583 0
15 0.144176 0.592933 0.232459 0.0304324
15 0.100545 0.692472 0.206983 0
15 0.137306 0.615086 0.247607 0
15 0.173025 0.555462 0.271513 0
15 0.152784 0.597385 0.237182 0.0126493
15 0.137188 0.61591 0.246902 0
15 0.115888 0.688754 0.195359 0
15 0.132643 0.648597 0.21876 0
15 0.162185 0.585766 0.252049 0
15 0.203064 0.490387 0.306549 0
15 0.145248 0.60776 0.246992 0
15 0.10488 0.68642 0.2087 0
15 0.140167 0.608479 0.251355 0
15 0.154 0.599883 0.246117 0
15 0.130005 0.618843 0.242293 0.00885856
15 0.134994 0.626612 0.238394 0
15 0.150104 0.603093 0.246803 0
15 0.142538 0.613235 0.244228 0
15 0.169334 0.568582 0.262084 0
15 0.169478 0.585802 0.24472 0
15 0.143793 0.615847 0.24036 0
15 0.153069 0.57716 0.26977 0
15 0.111138 0.638553 0.250308 0
