5 0.0567111 0.597432 0.345857 0
5 0.0308059 0.645161 0.319696 0.00433746
5 0.0585947 0.598139 0.343266 0
5 0.0529146 0.604787 0.342298 0
5 0.0376937 0.632209 0.330098 0
5 0.0521139 0.601277 0.346609 0
5 0.042482 0.651222 0.306296 0
5 0.0438131 0.656345 0.299842 0
5 0.0307195 0.731567 0.237714 0
5 0.0305681 0.669119 0.300312 0
5 0.0350707 0.597291 0.367638 0
5 0.0322233 0.686181 0.281596 0
5 0.0518674 0.567548 0.380584 0
5 0.0352527 0.599688 0.365059 0
5 0.033393 0.61866 0.347947 0
5 0.0273463 0.63329 0.339364 0
5 0.0686099 0.652635 0.278755 0
5 0.046877 0.622413 0.33071 0
5 0.038711 0.621447 0.339842 0
5 0.0468242 0.690669 0.262507 0
5 0.04346 0.539091 0.318474 0.0989748
5 0.0314379 0.676274 0.292288 0
5 0.0313464 0.662992 0.305662 0
5 0.0430783 0.598073 0.358849 0
5 0.0554891 0.602726 0.341785 0
5 0.0321397 0.666584 0.301276 0
5 0.0360168 0.65477 0.309213 0
5 0.0514626 0.632884 0.315653 0
5 0.0717792 0.59836 0.329861 0
5 0.0424541 0.669556 0.28799 0
5 0.0337143 0.65669 0.308011 0.00158413
5 0.0490896 0.603749 0.347161 0
5 0.0450386 0.672781 0.278567 0.00361396
5 0.0522286 0.641101 0.30667 0
5 0.0104572 0.76762 0.221923 0
5 0.0348022 0.6471 0.318098 0
5 0.0476311 0.601498 0.350871 0
5 0.035803 0.604245 0.359952 0
5 0.0193627 0.653923 0.324345 0.00236875
5 0.0409368 0.663261 0.295802 0
5 0.0708729 0.574694 0.354433 0
5 0.0369247 0.673308 0.289767 0
5 0.0406824 0.650708 0.30861 0
5 0.0490621 0.617805 0.332635 0.000498242
5 0.0403009 0.611895 0.347804 0
5 0.0332164 0.623788 0.342996 0
5 0.0356925 0.65685 0.307457 0
5 0.0441353 0.600784 0.355081 0
5 0.0453479 0.591434 0.355744 0.00747449
5 0.0349751 0.602797 0.362228 0
5 0.0243333 0.660278 0.266712 0.0486765
5 0.0484176 0.654513 0.297069 0
5 0.0212437 0.677339 0.299536 0.00188191
5 0.0431611 0.615165 0.274744 0.0669302
5 0.0279813 0.655547 0.316472 0
5 0.0437262 0.495712 0.365996 0.094566
5 0.042468 0.653763 0.303769 0
5 0.0540375 0.620513 0.325449 0
5 0.0403674 0.631196 0.328436 0
5 0.0664069 0.639177 0.294416 0
5 0.0297623 0.580873 0.389364 0
5 0.0604839 0.60647 0.333046 0
5 0.0498584 0.643512 0.306629 0
5 0.0264904 0.660849 0.31266 0
5 0.0639285 0.584821 0.351251 0
5 0.0331975 0.700616 0.266186 0
5 0.0463301 0.679498 0.274171 0
5 0.0366487 0.613594 0.349757 0
5 0.036824 0.580084 0.323967 0.0591246
5 0.0424579 0.640404 0.317138 0
5 0.0348988 0.628301 0.3368 0
5 0.0554901 0.639779 0.304731 0
5 0.0370366 0.661198 0.301765 0
5 0.0328778 0.626067 0.341055 0
5 0.0444087 0.682691 0.272901 0
5 0.028112 0.636386 0.335502 0
5 0.0427446 0.555637 0.349423 0.0521946
5 0.0226301 0.607222 0.370148 0
5 0.0444843 0.600027 0.355489 0
5 0.0431376 0.585066 0.371797 0
5 0.0309043 0.649745 0.31935 0
5 0.0368345 0.657008 0.306157 0
5 0.0131654 0.722157 0.264677 0
5 0.0293664 0.68781 0.282824 0
5 0.0377541 0.630514 0.331732 0
5 0.0433963 0.561537 0.360329 0.0347378
5 0.0439987 0.608327 0.347675 0
5 0.0340374 0.575787 0.34942 0.0407556
5 0.0648854 0.612763 0.322352 0
5 0.0279106 0.636402 0.335688 0
5 0.045416 0.635234 0.31935 0
5 0.0542885 0.545421 0.336887 0.0634028
5 0.0204474 0.667878 0.272466 0.0392087
5 0.0347227 0.670067 0.29521 0
5 0.0637249 0.61808 0.318195 0
5 0.0308506 0.600484 0.308361 0.0603038
5 0.0579353 0.609953 0.332112 0
5 0.0305904 0.719693 0.249716 0
5 0.0373437 0.587132 0.375524 0
5 0.0501435 0.512994 0.354051 0.0828119
