15 0.150108 0.563776 0.286115 0
15 0.112068 0.597976 0.289956 0
15 0.120262 0.59319 0.264114 0.0224343
15 0.0805596 0.617849 0.284681 0.0169111
15 0.0925836 0.628069 0.262712 0.016636
15 0.0644471 0.7367 0.198853 0
15 0.0846571 0.658074 0.257269 0
15 0.110809 0.633056 0.256135 0
15 0.110333 0.594796 0.294871 0
15 0.0915051 0.677483 0.231012 0
15 0.092387 0.635693 0.27192 0
15 0.0954246 0.653577 0.250999 0
15 0.116537 0.61927 0.260512 0.00368093
15 0.12874 0.571106 0.300153 0
15 0.0887529 0.674865 0.236382 0
15 0.138606 0.50731 0.336241 0.0178435
15 0.0686891 0.719845 0.211466 0
15 0.0950091 0.675984 0.229007 0
15 0.102452 0.661404 0.236144 0
15 0.123535 0.602092 0.274373 0
15 0.103544 0.6307 0.257245 0.00851099
15 0.0730963 0.675678 0.227534 0.0236919
15 0.0799127 0.684947 0.23514 0
15 0.0885202 0.675838 0.235641 0
15 0.0899464 0.642535 0.267519 0
15 0.141197 0.568847 0.289957 0
15 0.128449 0.578592 0.292958 0
15 0.119095 0.642484 0.238422 0
15 0.113591 0.640026 0.246384 0
15 0.101767 0.635125 0.263108 0
15 0.084122 0.650543 0.265335 0
15 0.13696 0.554872 0.308168 0
15 0.110167 0.644766 0.245067 0
15 0.0922173 0.666769 0.241014 0
15 0.105589 0.635762 0.258649 0
15 0.105221 0.585157 0.296636 0.0129856
15 0.0994099 0.656355 0.244235 0
15 0.133014 0.601568 0.265418 0
15 0.0965489 0.632332 0.271119 0
15 0.108642 0.64017 0.251188 0
15 0.108187 0.626493 0.265319 0
15 0.126918 0.628506 0.244576 0
15 0.0776526 0.673709 0.248639 0
15 0.20664 0.438217 0.355143 0
15 0.139317 0.572414 0.288269 0
15 0.105895 0.625068 0.269038 0
15 0.0977845 0.66236 0.239856 0
15 0.0990013 0.678385 0.21701 0.00560392
15 0.0915709 0.613932 0.281005 0.0134922
15 0.0975688 0.63016 0.272271 0
15 0.115853 0.649401 0.234746 0
15 0.103236 0.605398 0.279442 0.0119243
15 0.0912881 0.656328 0.252384 0
15 0.0823117 0.711935 0.205753 0
15 0.114718 0.571829 0.313453 0
15 0.16277 0.549426 0.287804 0
15 0.0923657 0.637605 0.270029 0
15 0.0694516 0.74214 0.188408 0
15 0.0874501 0.617043 0.295507 0
15 0.120918 0.560193 0.318888 0
15 0.112814 0.630031 0.257155 0
15 0.080531 0.679381 0.240088 0
15 0.0982206 0.677869 0.223911 0
15 0.119781 0.568947 0.311272 0
15 0.121955 0.605131 0.272913 0
15 0.109825 0.614663 0.275512 0
15 0.13301 0.558233 0.308757 0
15 0.108789 0.6053 0.285911 0
15 0.100125 0.622586 0.277289 0
15 0.0916744 0.651133 0.257193 0
15 0.101886 0.613752 0.284363 0
15 0.110196 0.638443 0.251361 0
15 0.128747 0.589501 0.281752 0
15 0.0964196 0.635659 0.267921 0
15 0.0938515 0.645375 0.260773 0
15 0.0748993 0.714849 0.210252 0
15 0.0968039 0.649761 0.253435 0
15 0.116045 0.56503 0.318925 0
15 0.125392 0.599969 0.274639 0
15 0.0823819 0.681189 0.236429 0
15 0.10994 0.610896 0.279164 0
15 0.163465 0.498179 0.338356 0
15 0.122944 0.596176 0.28088 0
15 0.126276 0.591641 0.282083 0
15 0.112954 0.61027 0.276776 0
15 0.0995845 0.652475 0.247941 0
15 0.0890238 0.669229 0.241747 0
15 0.105428 0.676652 0.21792 0
15 0.0970215 0.646112 0.245575 0.0112908
15 0.105555 0.662647 0.231798 0
15 0.0968287 0.646699 0.256472 0
15 0.0845708 0.687497 0.227932 0
15 0.100432 0.655791 0.243777 0
15 0.103258 0.631335 0.265407 0
15 0.085548 0.686846 0.227606 0
15 0.155274 0.571954 0.272772 0
15 0.0811076 0.670325 0.248567 0
15 0.0846304 0.711582 0.203787 0
15 0.130825 0.578126 0.291049 0
15 0.116976 0.562577 0.320447 0
