1 0 0.809167 0.190833 0
1 0 0.836411 0.163589 0
1 0 0.809783 0.190217 0
1 0 0.79927 0.20073 0
1 0 0.802713 0.189626 0.00766086
1 0 0.782004 0.217996 0
1 0 0.798968 0.201032 0
1 0 0.813265 0.176555 0.0101805
1 0 0.80825 0.19175 0
1 0 0.804831 0.195169 0
1 0 0.779041 0.220959 0
1 0 0.805269 0.184967 0.0097647
1 0 0.787617 0.212383 0
1 0 0.815488 0.184512 0
1 0 0.828881 0.171119 0
1 0 0.831991 0.168009 0
1 0 0.818155 0.172871 0.0089738
1 0 0.774729 0.225271 0
1 0 0.824098 0.175902 0
1 0 0.825296 0.174704 0
1 0 0.826013 0.173987 0
1 0 0.830229 0.169771 0
1 0 0.806941 0.193059 0
1 0 0.820159 0.179841 0
1 0 0.811519 0.188481 0
1 0 0.806616 0.193384 0
1 0 0.820621 0.179379 0
1 0 0.808357 0.191643 0
1 0 0.831591 0.168409 0
1 0 0.820857 0.179143 0
1 0 0.796405 0.203595 0
1 0 0.779612 0.208108 0.0122799
1 0 0.813104 0.186896 0
1 0 0.829957 0.170043 0
1 0 0.787931 0.212069 0
1 0 0.785811 0.214189 0
1 0 0.798163 0.201837 0
1 0 0.811959 0.181682 0.00635823
1 0 0.823571 0.176429 0
1 0 0.832165 0.167835 0
1 0 0.805926 0.194074 0
1 0 0.814408 0.185592 0
1 0 0.826998 0.173002 0
1 0 0.834247 0.165753 0
1 0 0.807826 0.192174 0
1 0 0.799027 0.200973 0
1 0 0.827487 0.172513 0
1 0 0.823515 0.176485 0
1 0 0.821764 0.178236 0
1 0 0.793485 0.206515 0
1 0 0.779071 0.211706 0.00922293
1 0 0.825787 0.174213 0
1 0 0.784185 0.215815 0
1 0 0.816251 0.183749 0
1 0 0.811495 0.188505 0
1 0 0.786111 0.205633 0.00825583
1 0 0.823918 0.176082 0
1 0 0.78536 0.210256 0.00438426
1 0 0.831322 0.168678 0
1 0 0.796807 0.203193 0
1 0 0.819053 0.180947 0
1 0 0.801845 0.198155 0
1 0 0.830488 0.169512 0
1 0 0.814805 0.185195 0
1 0 0.828547 0.171453 0
1 0 0.793203 0.196838 0.0099595
1 0 0.746809 0.241064 0.0121262
1 0 0.811867 0.188133 0
1 0 0.824466 0.175534 0
1 0 0.854501 0.145499 0
1 0 0.814786 0.185214 0
1 0 0.799708 0.200292 0
1 0 0.828656 0.171344 0
1 0 0.809347 0.190653 0
1 0 0.811086 0.188914 0
1 0 0.818089 0.172137 0.00977369
1 0 0.818858 0.181142 0
1 0 0.844215 0.154821 0.000964025
1 0 0.800351 0.199649 0
1 0 0.794694 0.205306 0
1 0 0.828245 0.171755 0
1 0 0.796995 0.203005 0
1 0 0.812719 0.187281 0
1 0 0.795995 0.204005 0
1 0 0.806919 0.193081 0
1 0 0.82156 0.17844 0
1 0 0.79525 0.20475 0
1 0 0.828635 0.171365 0
1 0 0.815353 0.181369 0.00327736
1 0 0.801233 0.198767 0
1 0 0.825126 0.174874 0
1 0 0.808385 0.191615 0
1 0 0.817508 0.182492 0
1 0 0.805055 0.194945 0
1 0 0.794556 0.205444 0
1 0 0.829681 0.170319 0
1 0 0.805744 0.194256 0
1 0 0.832 0.168 0
1 0 0.811249 0.188751 0
1 0 0.817185 0.175096 0.00771971
