15 0.148308 0.579765 0.271927 0
15 0.160315 0.572089 0.267596 0
15 0.107203 0.625042 0.267754 0
15 0.190046 0.544849 0.265105 0
15 0.178132 0.526495 0.295373 0
15 0.181312 0.513147 0.305541 0
15 0.100593 0.646614 0.252793 0
15 0.195595 0.474686 0.329719 0
15 0.176995 0.486707 0.336298 0
15 0.130614 0.590796 0.27859 0
15 0.117779 0.631908 0.250314 0
15 0.155697 0.519888 0.324415 0
15 0.186013 0.472647 0.34134 0
15 0.147892 0.597285 0.254823 0
15 0.168583 0.529992 0.301425 0
15 0.176229 0.481101 0.34267 0
15 0.152168 0.551898 0.295934 0
15 0.134709 0.59884 0.252438 0.014013
15 0.144261 0.585464 0.270275 0
15 0.158842 0.558027 0.283131 0
15 0.161285 0.525963 0.312753 0
15 0.119501 0.617303 0.25576 0.007437
15 0.150406 0.61609 0.233504 0
15 0.161054 0.570398 0.268548 0
15 0.151201 0.574802 0.273997 0
15 0.126281 0.614895 0.258824 0
15 0.120021 0.578671 0.301308 0
15 0.147666 0.577756 0.274511 6.72143e-05
15 0.11793 0.649428 0.232642 0
15 0.133753 0.616811 0.249436 0
15 0.168607 0.545505 0.285889 0
15 0.168256 0.531559 0.300185 0
15 0.169899 0.50989 0.320211 0
15 0.179944 0.541607 0.278449 0
15 0.109517 0.624203 0.248103 0.0181771
15 0.126395 0.604031 0.269575 0
15 0.144115 0.600481 0.236058 0.0193457
15 0.149232 0.620977 0.229791 0
15 0.112643 0.654674 0.232683 0
15 0.173033 0.515223 0.311744 0
15 0.168171 0.520953 0.310876 0
15 0.146797 0.55007 0.303133 0
15 0.145049 0.592477 0.262474 0
15 0.13304 0.604437 0.262523 0
15 0.125864 0.61754 0.256596 0
15 0.152923 0.593445 0.253632 0
15 0.140431 0.486894 0.352971 0.0197038
15 0.122515 0.57961 0.297875 0
15 0.185635 0.558575 0.25579 0
15 0.16455 0.54583 0.28962 0
15 0.101921 0.643484 0.254596 0
15 0.175193 0.538539 0.286269 0
15 0.137726 0.571521 0.290753 0
15 0.17437 0.418003 0.321217 0.0864096
15 0.17784 0.497601 0.324559 0
15 0.134198 0.63467 0.231131 0
15 0.115545 0.571409 0.313046 0
15 0.141775 0.562874 0.295351 0
15 0.102441 0.6448 0.237124 0.0156345
15 0.131664 0.58599 0.282346 0
15 0.163663 0.542608 0.293729 0
15 0.169655 0.514658 0.315687 0
15 0.163739 0.557009 0.279252 0
15 0.146071 0.568227 0.285702 0
15 0.172054 0.480653 0.318648 0.0286441
15 0.149426 0.538317 0.296456 0.0158012
15 0.157469 0.605546 0.236985 0
15 0.13485 0.596005 0.269145 0
15 0.165655 0.512922 0.321422 0
15 0.133815 0.571287 0.271839 0.0230584
15 0.143892 0.558612 0.297496 0
15 0.123441 0.667141 0.209418 0
15 0.138331 0.574792 0.286877 0
15 0.195657 0.463769 0.340573 0
15 0.144538 0.557811 0.29765 0
15 0.115543 0.618481 0.265976 0
15 0.224872 0.485898 0.28923 0
15 0.159761 0.53505 0.305189 0
15 0.111657 0.651171 0.237172 0
15 0.120158 0.633286 0.246556 0
15 0.148243 0.566753 0.285004 0
15 0.18076 0.502547 0.316693 0
15 0.121292 0.605066 0.273642 0
15 0.137513 0.583539 0.278948 0
15 0.122417 0.568006 0.309578 0
15 0.137412 0.616026 0.246562 0
15 0.173651 0.532653 0.293696 0
15 0.169063 0.509469 0.321468 0
15 0.151534 0.529673 0.276393 0.0423999
15 0.142386 0.546792 0.283997 0.0268256
15 0.16936 0.578512 0.252128 0
15 0.14117 0.574882 0.269221 0.014727
15 0.146299 0.576776 0.276926 0
15 0.13968 0.626693 0.233627 0
15 0.153087 0.580588 0.266324 0
15 0.132296 0.55665 0.311054 0
15 0.167757 0.504914 0.327329 0
15 0.109612 0.646126 0.244262 0
15 0.133481 0.559203 0.289707 0.0176092
15 0.179896 0.497935 0.322169 0
