20 0.108069 0.504555 0.387375 0
20 0.109307 0.53453 0.356163 0
20 0.119638 0.588875 0.291486 0
20 0.0912632 0.634439 0.274298 0
20 0.102186 0.527742 0.370072 0
20 0.134392 0.470019 0.395589 0
20 0.0999157 0.523097 0.376987 0
20 0.0867157 0.593826 0.319458 0
20 0.124379 0.542355 0.333266 0
20 0.0888815 0.56759 0.343529 0
20 0.125415 0.526041 0.348545 0
20 0.107114 0.53426 0.358626 0
20 0.0876926 0.64466 0.267648 0
20 0.131339 0.480851 0.38781 0
20 0.0992509 0.624134 0.276615 0
20 0.120781 0.525419 0.353799 0
20 0.0926393 0.617218 0.290142 0
20 0.10076 0.560231 0.327223 0.0117868
20 0.0659302 0.626117 0.307952 0
20 0.0780302 0.605886 0.316084 0
20 0.072145 0.631905 0.29595 0
20 0.112013 0.550731 0.320194 0.0170619
20 0.108805 0.515067 0.376127 0
20 0.0939983 0.57498 0.331022 0
20 0.11795 0.510067 0.371983 0
20 0.0833243 0.568195 0.34848 0
20 0.132438 0.445579 0.421983 0
20 0.0928428 0.602076 0.305081 0
20 0.0701766 0.596005 0.333818 0
20 0.0692206 0.660639 0.270141 0
20 0.109433 0.506779 0.383788 0
20 0.128373 0.548595 0.297008 0.0260249
20 0.0909204 0.565461 0.343619 0
20 0.172932 0.491409 0.335659 0
20 0.101513 0.537449 0.336218 0.02482
20 0.0915146 0.578226 0.33026 0
20 0.0858652 0.584687 0.329447 0
20 0.161895 0.469825 0.36828 0
20 0.152925 0.482258 0.364817 0
20 0.0774926 0.637141 0.285366 0
20 0.134167 0.461142 0.404691 0
20 0.122945 0.513687 0.357358 0.00601047
20 0.112056 0.56705 0.320894 0
20 0.089513 0.602456 0.308031 0
20 0.0870953 0.599709 0.313195 0
20 0.0565391 0.667814 0.275647 0
20 0.111526 0.564332 0.324142 0
20 0.156354 0.425684 0.417962 0
20 0.0672647 0.598979 0.333757 0
20 0.086861 0.583526 0.329613 0
20 0.0676512 0.673731 0.258617 0
20 0.11743 0.593073 0.289497 0
20 0.0712278 0.64088 0.287892 0
20 0.102472 0.511573 0.385955 0
20 0.0981194 0.523037 0.378844 0
20 0.103305 0.554227 0.321903 0.0205653
20 0.0994489 0.528577 0.371974 0
20 0.104713 0.600371 0.294916 0
20 0.128082 0.516449 0.355469 0
20 0.0850879 0.574177 0.340735 0
20 0.0890243 0.584344 0.326632 0
20 0.0930936 0.590909 0.296966 0.0190312
20 0.165709 0.423405 0.390842 0.0200443
20 0.115227 0.53433 0.350443 0
20 0.0766445 0.546314 0.377042 0
20 0.0879848 0.612071 0.299944 0
20 0.058538 0.670698 0.270764 0
20 0.1366 0.431213 0.432187 0
20 0.0940291 0.554342 0.351629 0
20 0.146345 0.468269 0.385385 0
20 0.105586 0.539576 0.34623 0.00860843
20 0.0563522 0.700715 0.242933 0
20 0.0853298 0.610678 0.303992 0
20 0.0921721 0.592283 0.315545 0
20 0.2236 0.395271 0.381129 0
20 0.13937 0.507661 0.35297 0
20 0.0897337 0.59082 0.319446 0
20 0.0900981 0.606497 0.288658 0.0147472
20 0.0697861 0.655591 0.274623 0
20 0.0730975 0.639335 0.287568 0
20 0.0979799 0.583 0.31902 0
20 0.116641 0.507463 0.375896 0
20 0.0864841 0.623459 0.290056 0
20 0.113796 0.47177 0.382331 0.0321025
20 0.193831 0.4086 0.397568 0
20 0.12205 0.537433 0.340517 0
20 0.0900083 0.605778 0.28465 0.0195641
20 0.101148 0.518671 0.380181 0
20 0.105884 0.551905 0.342211 0
20 0.102234 0.500465 0.397302 0
20 0.0766154 0.601347 0.322038 0
20 0.0912051 0.552695 0.3561 0
20 0.0678349 0.670482 0.261683 0
20 0.145708 0.509373 0.315045 0.0298732
20 0.0930825 0.585783 0.321135 0
20 0.0975169 0.514252 0.388231 0
20 0.104717 0.557219 0.338065 0
20 0.100298 0.537298 0.362404 0
20 0.0862568 0.565445 0.348299 0
20 0.130572 0.555345 0.314083 0
