5 0.0553138 0.748989 0.195697 0
5 0.0370311 0.779173 0.181862 0.00193342
5 0.0494568 0.712728 0.237815 0
5 0.0456467 0.742097 0.212256 0
5 0.0602944 0.693128 0.246578 0
5 0.0386721 0.753846 0.207482 0
5 0.0345014 0.778292 0.187207 0
5 0.0325722 0.756352 0.211076 0
5 0.0239903 0.8183 0.15771 0
5 0.0363777 0.762998 0.200624 0
5 0.0391896 0.745854 0.206647 0.00830906
5 0.0464525 0.713625 0.239922 0
5 0.0261518 0.746519 0.216168 0.0111616
5 0.0379321 0.777402 0.182798 0.00186719
5 0.0390155 0.773917 0.187067 0
5 0.0374214 0.791527 0.171051 0
5 0.0387689 0.772453 0.188778 0
5 0.0349775 0.793271 0.171752 0
5 0.0376601 0.756124 0.206216 0
5 0.0456089 0.750442 0.203949 0
5 0.0362627 0.780334 0.183403 0
5 0.0341334 0.746141 0.219725 0
5 0.0211769 0.815122 0.163701 0
5 0.047209 0.749326 0.203465 0
5 0.0246487 0.788755 0.186597 0
5 0.0322398 0.76115 0.196575 0.0100354
5 0.0624731 0.663795 0.273732 0
5 0.0538237 0.750254 0.195923 0
5 0.0375826 0.766575 0.195842 0
5 0.0205548 0.791835 0.18761 0
5 0.0314532 0.787029 0.181518 0
5 0.0286813 0.791478 0.170264 0.00957668
5 0.0198025 0.805348 0.17485 0
5 0.04538 0.734978 0.219642 0
5 0.0491351 0.731479 0.219386 0
5 0.0320859 0.776716 0.191198 0
5 0.0509923 0.720502 0.228506 0
5 0.0503825 0.714597 0.23502 0
5 0.0326246 0.801004 0.166371 0
5 0.0411902 0.720861 0.237949 0
5 0.028689 0.8054 0.165911 0
5 0.0212538 0.803583 0.175163 0
5 0.0354781 0.758813 0.205709 0
5 0.0434138 0.747068 0.209518 0
5 0.0401688 0.747659 0.212172 0
5 0.0555873 0.719986 0.224427 0
5 0.0447406 0.730993 0.224266 0
5 0.0322563 0.812924 0.15482 0
5 0.0516304 0.736539 0.211831 0
5 0.0293194 0.79311 0.177571 0
5 0.0324162 0.782061 0.185523 0
5 0.0376952 0.745919 0.216386 0
5 0.0412248 0.767851 0.190924 0
5 0.041464 0.761235 0.197301 0
5 0.0460162 0.758973 0.195011 0
5 0.0540486 0.720907 0.225045 0
5 0.0606587 0.696031 0.243311 0
5 0.0338169 0.805994 0.160189 0
5 0.0446765 0.744747 0.198783 0.011794
5 0.0269281 0.771127 0.201945 0
5 0.0394913 0.72292 0.237589 0
5 0.0418152 0.761186 0.196999 0
5 0.0317086 0.757273 0.211019 0
5 0.052659 0.735803 0.211538 0
5 0.037688 0.760102 0.20221 0
5 0.0253129 0.763293 0.201376 0.0100177
5 0.0376067 0.800156 0.162237 0
5 0.027588 0.770958 0.201454 0
5 0.0352894 0.755337 0.209374 0
5 0.0486082 0.703165 0.248227 0
5 0.0487219 0.752693 0.198586 0
5 0.0291892 0.751392 0.219419 0
5 0.0393276 0.760922 0.19975 0
5 0.0291691 0.7703 0.191414 0.00911752
5 0.0416448 0.76508 0.193275 0
5 0.0316712 0.811588 0.156741 0
5 0.0345636 0.771592 0.193844 0
5 0.0423439 0.765537 0.192119 0
5 0.0475413 0.735271 0.217188 0
5 0.0379891 0.738656 0.212916 0.0104386
5 0.0473254 0.731263 0.221412 0
5 0.0428912 0.758077 0.199032 0
5 0.0474667 0.723154 0.221366 0.00801344
5 0.044908 0.750186 0.204906 0
5 0.0519619 0.688645 0.249056 0.0103378
5 0.0419651 0.761756 0.196279 0
5 0.0368844 0.757006 0.196232 0.0098769
5 0.0441387 0.75877 0.197092 0
5 0.0314144 0.76501 0.203576 0
5 0.0292211 0.756553 0.201866 0.012359
5 0.0457856 0.7123 0.218586 0.0233286
5 0.0336549 0.759295 0.20705 0
5 0.0271477 0.756464 0.208654 0.00773398
5 0.0518937 0.676933 0.246935 0.0242387
5 0.0474624 0.760821 0.191717 0
5 0.0329654 0.771701 0.195333 0
5 0.047958 0.725886 0.223577 0.00257858
5 0.0366696 0.754611 0.208719 0
5 0.0390268 0.734408 0.226565 0
5 0.0450281 0.748827 0.20458 0.00156466
