5 0.6893
5 0.7924
5 0.9771
5 0.6663
5 0.3099
5 0.8796
5 0.6974
5 0.8703
5 0.8965
5 0.8977
5 0.6547
5 0.5968
5 0.8996
5 0.4588
5 0.9582
5 0.8911
5 0.5808
5 0.3403
5 0.6801
5 0.8997
5 0.8987
5 0.6703
5 0.8841
5 0.7872
5 0.9983
5 0.6625
5 0.914
5 0.2829
5 0.8997
5 0.8446
5 0.9542
5 0.7834
5 0.8296
5 0.8814
5 0.7667
5 0.8851
5 0.7818
5 0.757
5 0.7998
5 0.7141
5 0.8824
5 0.6772
5 0.7174
5 0.5946
5 0.777
5 0.5333
5 0.6741
5 0.797
5 0.7591
5 0.8188
5 0.5787
5 0.546
5 0.9861
5 0.7139
5 0.8996
5 0.87
5 0.7996
5 0.809
5 0.5767
5 0.782
5 0.7959
5 0.8535
5 0.2464
5 0.8278
5 0.7646
5 0.9358
5 0.9
5 0.6892
5 0.7375
5 0.7932
5 0.4851
5 0.7589
5 0.9947
5 0.9
5 0.7123
5 0.8841
5 0.7889
5 0.6706
5 0.6425
5 0.8989
5 0.4641
5 0.7982
5 0.6724
5 0.8967
5 0.7846
5 0.7191
5 0.8981
5 0.6499
5 0.7605
5 0.6017
5 0.8647
5 0.6348
5 0.6574
5 0.7927
5 0.8992
5 0.8949
5 0.7209
5 0.6777
5 0.7616
5 0.8887
