20 0.562
20 0.8191
20 0.6795
20 0.2801
20 0.421
20 0.6813
20 0.6869
20 0.3195
20 0.7033
20 0.6474
20 0.6413
20 0.2023
20 0.8594
20 0.6811
20 0.3497
20 0.7008
20 0.6896
20 0.4709
20 0.538
20 0.7999
20 0.9321
20 0.8302
20 0.7442
20 0.256
20 0.4736
20 0.876
20 0.4758
20 0.6778
20 0.1674
20 0.5719
20 0.4178
20 0.6122
20 0.8649
20 0.6799
20 0.6247
20 0.5431
20 0.7979
20 0.8037
20 0.4919
20 0.8419
20 0.2564
20 0.7399
20 0.7559
20 0.5489
20 0.4607
20 0.51
20 0.6532
20 0.8613
20 0.4669
20 0.7159
20 0.7471
20 0.616
20 0.9269
20 0.5518
20 0.4738
20 0.3996
20 0.8894
20 0.7596
20 0.6362
20 0.3781
20 0.6034
20 0.5002
20 0.2947
20 0.5064
20 0.8119
20 0.7339
20 0.7104
20 0.6702
20 0.5533
20 0.2386
20 0.6331
20 0.7304
20 0.7181
20 0.8062
20 0.7971
20 0.6558
20 0.5676
20 0.7798
20 0.8332
20 0.5201
20 0.8715
20 0.3438
20 0.6244
20 0.2035
20 0.5793
20 0.4491
20 0.5989
20 0.8341
20 0.8251
20 0.7318
20 0.4281
20 0.2326
20 0.6126
20 0.559
20 0.5077
20 0.217
20 0.8328
20 0.4213
20 0.2898
20 0.5245
