15 0.8131
15 0.9774
15 0.7959
15 0.9662
15 0.8782
15 0.9904
15 0.7651
15 0.8891
15 0.8532
15 0.9843
15 0.8309
15 0.8234
15 0.9942
15 0.8747
15 0.8943
15 0.8871
15 0.9987
15 0.9834
15 0.9733
15 0.9835
15 0.8232
15 0.8849
15 0.7652
15 0.7826
15 0.846
15 0.9589
15 0.8696
15 0.9579
15 0.9364
15 0.881
15 0.9892
15 0.8306
15 0.9616
15 0.9799
15 0.8874
15 0.8814
15 0.847
15 0.9755
15 0.9517
15 0.9915
15 0.9856
15 0.6344
15 0.8611
15 0.9652
15 0.8902
15 0.9953
15 0.8498
15 0.8731
15 0.849
15 0.8107
15 0.9681
15 0.8898
15 0.8289
15 0.8299
15 0.8654
15 0.9814
15 0.8334
15 0.989
15 0.8285
15 0.9708
15 0.9555
15 0.7828
15 0.7831
15 0.8719
15 0.9635
15 0.7745
15 0.9865
15 0.76
15 0.99
15 0.7147
15 0.718
15 0.6755
15 0.8658
15 0.7105
15 0.884
15 0.895
15 0.8295
15 0.9846
15 0.8491
15 0.8705
15 0.8078
15 0.8405
15 0.7592
15 0.9721
15 0.835
15 0.8813
15 0.8388
15 0.9649
15 0.7173
15 0.9956
15 0.8112
15 0.6954
15 0.8463
15 0.8648
15 0.9908
15 0.8341
15 0.862
15 0.892
15 0.819
15 0.8538
