20 0.4887
20 0.375
20 0.5688
20 0.3724
20 0.1986
20 0.4393
20 0.409
20 0.3084
20 0.1989
20 0.4037
20 0.5352
20 0.6514
20 0.3939
20 0.4901
20 0.3322
20 0.2312
20 0.3979
20 0.3381
20 0.4286
20 0.4692
20 0.3936
20 0.6472
20 0.1324
20 0.1701
20 0.7179
20 0.3939
20 0.1146
20 0.5547
20 0.4674
20 0.5471
20 0.4857
20 0.5739
20 0.6021
20 0.2006
20 0.4851
20 0.4466
20 0.5659
20 0.5771
20 0.3542
20 0.5094
20 0.4003
20 0.4228
20 0.4039
20 0.5315
20 0.4684
20 0.3026
20 0.4151
20 0.4396
20 0.3705
20 0.4443
20 0.2409
20 0.4766
20 0.3177
20 0.4479
20 0.4577
20 0.3223
20 0.2549
20 0.2658
20 0.2914
20 0.5155
20 0.4993
20 0.4365
20 0.1373
20 0.5147
20 0.2655
20 0.4749
20 0.1451
20 0.1596
20 0.5437
20 0.2133
20 0.313
20 0.3074
20 0.3798
20 0.3262
20 0.4422
20 0.3209
20 0.2489
20 0.4645
20 0.3382
20 0.5385
20 0.3491
20 0.5258
20 0.3656
20 0.3839
20 0.3381
20 0.3462
20 0.3304
20 0.3026
20 0.5105
20 0.0834
20 0.2974
20 0.2955
20 0.0237
20 0.4588
20 0.4458
20 0.3533
20 0.4789
20 0.3635
20 0.4706
20 0.4619
