20 0.7426
20 0.6706
20 0.8578
20 0.7964
20 0.8466
20 0.4539
20 0.8036
20 0.9899
20 0.6123
20 0.782
20 0.7899
20 0.8231
20 0.9091
20 0.9821
20 0.664
20 0.9466
20 0.8213
20 0.8074
20 0.7406
20 0.6251
20 0.6676
20 0.7109
20 0.7347
20 0.8478
20 0.9358
20 0.9702
20 0.9132
20 0.6857
20 0.9538
20 0.7349
20 0.9368
20 0.8369
20 0.4463
20 0.5415
20 0.8571
20 0.9582
20 0.9923
20 0.8065
20 0.7594
20 0.4143
20 0.8316
20 0.9598
20 0.7215
20 0.5962
20 0.9628
20 0.9848
20 0.7532
20 0.8945
20 0.8931
20 0.8097
20 0.9535
20 0.9589
20 0.9476
20 0.8097
20 0.9598
20 0.43
20 0.9933
20 0
20 0.0818
20 0.9346
20 0.8314
20 0.6298
20 0.9773
20 0.9681
20 0.6236
20 0.7629
20 0.8117
20 0.8529
20 0.6926
20 0.9747
20 0.8591
20 0.961
20 0.5484
20 0.5883
20 0.9792
20 0.9738
20 0.8834
20 0.936
20 0.7685
20 0.8301
20 0.9818
20 0.904
20 0.6927
20 0.9879
20 0.7246
20 0.7232
20 0.5975
20 0.9552
20 0.5884
20 0.3146
20 0.7463
20 0.9264
20 0.9613
20 0.464
20 0.9311
20 0.8246
20 0.6266
20 0.8738
20 0.8338
20 0.9886
