25 0.3563
25 0.2508
25 0.5085
25 0.4611
25 0.1494
25 0.1019
25 0.1142
25 0.0886
25 0.1319
25 0.4789
25 0.2422
25 0.4082
25 0.0463
25 0.0922
25 0.2336
25 0.3536
25 0.2228
25 0.1041
25 0.4299
25 0.0928
25 0.226
25 0.3286
25 0.349
25 0.0175
25 0.3326
25 0.1415
25 0.4426
25 0.0379
25 0.424
25 0.3826
25 0.3983
25 0.0273
25 0.22
25 0.1936
25 0.1011
25 0.1974
25 0.4717
25 0.4395
25 0.4666
25 0.455
25 0.1184
25 0.453
25 0.1737
25 0.2267
25 0.0727
25 0.3028
25 0.2959
25 0.1505
25 0.2689
25 0.6243
25 0.553
25 0.0545
25 0.4786
25 0.5419
25 0.2387
25 0.1313
25 0.3896
25 0.0471
25 0.0561
25 0.138
25 0.2305
25 0.3493
25 0.0166
25 0.5375
25 0.0572
25 0.3791
25 0.2356
25 0.1206
25 0.0363
25 0.3286
25 0.2619
25 0.1986
25 0.1417
25 0.138
25 0.435
25 0.2045
25 0.1714
25 0.1061
25 0.0948
25 0.3156
25 0.2018
25 0.2498
25 0.075
25 0.1359
25 0.1103
25 0.0561
25 0.581
25 0.1127
25 0.0385
25 0.538
25 0.38
25 0.054
25 0.3637
25 0.4697
25 0.0829
25 0.2823
25 0.2797
25 0.4818
25 0.3667
25 0.1525
