15 0.6524
15 0.8983
15 0.396
15 0.5431
15 0.0483
15 0.9102
15 0.9034
15 0.5908
15 0.466
15 0.7852
15 0.7211
15 0.6141
15 0.7064
15 0.5463
15 0.7954
15 0.1232
15 0.3942
15 0.7816
15 0.8781
15 0.6701
15 0.744
15 0.739
15 0.7929
15 0.5048
15 0.5489
15 0.9133
15 0.8934
15 0.7269
15 0.5759
15 0.5394
15 0.7573
15 0.7324
15 0.8061
15 0.5005
15 0.5083
15 0.4427
15 0.6963
15 0.5008
15 0.896
15 0.0906
15 0.5845
15 0.6584
15 0.7581
15 0.2242
15 0.779
15 0.7622
15 0.746
15 0.6599
15 0.7606
15 0.8728
15 0.6807
15 0.6742
15 0.8147
15 0.5746
15 0.604
15 0.9374
15 0.6587
15 0.7984
15 0.5387
15 0.4605
15 0.7532
15 0.8057
15 0.8439
15 0.7363
15 0.7678
15 0.6269
15 0.5269
15 0.6949
15 0.4359
15 0.7233
15 0.8618
15 0.8695
15 0.5972
15 0.8207
15 0.966
15 0.098
15 0.7046
15 0.6976
15 0.5717
15 0.5952
15 0.2349
15 0.6619
15 0.7953
15 0.6614
15 0.6015
15 0.664
15 0.4506
15 0.536
15 0.6201
15 0.5188
15 0.4344
15 0.7808
15 0.5966
15 0.669
15 0.3372
15 0.2031
15 0.6925
15 0.7554
15 0.7847
15 0.8663
