30 0.1639
30 0.1643
30 0.1595
30 0.1941
30 0.463
30 0.3377
30 0.0771
30 0.4613
30 0.1217
30 0.1057
30 0.2996
30 0.1627
30 0.0322
30 0.2301
30 0.2448
30 0.011
30 0.1957
30 0.0323
30 0.1123
30 0.0431
30 0.0323
30 0.1207
30 0.0281
30 0.0496
30 0.0318
30 0.2114
30 0.141
30 0.2921
30 0.1683
30 0.2321
30 0.0045
30 0.007
30 0.048
30 0.115
30 0.0356
30 0.1531
30 0.041
30 0.1432
30 0.0039
30 0.2255
30 0.0483
30 0.0851
30 0.459
30 0.3123
30 0.1005
30 0.0375
30 0.1343
30 0.2897
30 0.0827
30 0.0791
30 0.342
30 0.2636
30 0.0848
30 0.3292
30 0.134
30 0.4687
30 0.1268
30 0.2036
30 0.0509
30 0.0237
30 0.0494
30 0.2593
30 0.0516
30 0.0697
30 0.1026
30 0.22
30 0.187
30 0.3024
30 0.1549
30 0.071
30 0.4299
30 0.1081
30 0.219
30 0.0399
30 0.0399
30 0.096
30 0.4659
30 0.033
30 0.0378
30 0.2163
30 0.1545
30 0.1708
30 0.0123
30 0.2137
30 0.1565
30 0.3157
30 0.154
30 0.0165
30 0.008
30 0.101
30 0.1256
30 0.2736
30 0.3778
30 0.4158
30 0.2354
30 0.4079
30 0.3573
30 0.0629
30 0.0065
30 0.2904
