30 0.1448
30 0.448
30 0.6203
30 0.5786
30 0.3006
30 0.2615
30 0.7602
30 0.1895
30 0.5218
30 0.0266
30 0.3221
30 0.867
30 0.0373
30 0.3876
30 0.8108
30 0.4849
30 0.2059
30 0.4209
30 0.2982
30 0.3754
30 0.0492
30 0.6017
30 0.5867
30 0.1601
30 0.0699
30 0.3701
30 0.7989
30 0.0434
30 0.7287
30 0.4322
30 0.4886
30 0.1836
30 0.2972
30 0.4866
30 0.36
30 0.3457
30 0.0339
30 0.2311
30 0.3729
30 0.7301
30 0.3128
30 0.7232
30 0.1791
30 0.6849
30 0.1458
30 0.3669
30 0.5179
30 0.6443
30 0.2914
30 0.3985
30 0.566
30 0.033
30 0.189
30 0.1533
30 0.4426
30 0.5102
30 0.6721
30 0.0944
30 0.7557
30 0.1732
30 0.7324
30 0.5571
30 0.2686
30 0.7737
30 0.1257
30 0.2274
30 0.5819
30 0.4282
30 0.5702
30 0.2495
30 0.2257
30 0.5979
30 0.6086
30 0.4271
30 0.529
30 0.5736
30 0.3011
30 0.6896
30 0.2248
30 0.462
30 0.802
30 0.1289
30 0.4895
30 0.194
30 0.4656
30 0.7417
30 0.5597
30 0.5738
30 0.6828
30 0.7614
30 0.0845
30 0.4275
30 0.7458
30 0.6749
30 0.4513
30 0.5685
30 0.2392
30 0.6488
30 0.5393
30 0.8436
