25 0.0161
25 0.2073
25 0.162
25 0.5569
25 0.2185
25 0.0994
25 0.3976
25 0.4629
25 0.1003
25 0.6141
25 0.5454
25 0.426
25 0.3512
25 0.3653
25 0.4037
25 0.0779
25 0.6861
25 0.3141
25 0.2749
25 0.6587
25 0.7763
25 0.3125
25 0.5916
25 0.2195
25 0.6524
25 0.3871
25 0.3798
25 0.4133
25 0.2146
25 0.2298
25 0.5695
25 0.0529
25 0.1504
25 0.4576
25 0.8041
25 0.6348
25 0.2365
25 0.0769
25 0.2083
25 0.1696
25 0.0199
25 0.6969
25 0.325
25 0.231
25 0.5505
25 0.2062
25 0.1454
25 0.2872
25 0.2422
25 0.5444
25 0.1989
25 0.0591
25 0.3999
25 0.3935
25 0.1231
25 0.2692
25 0.2001
25 0.1206
25 0.3768
25 0.099
25 0.0624
25 0.5364
25 0.1699
25 0.5455
25 0.5618
25 0.1049
25 0.3453
25 0.5127
25 0.6567
25 0.689
25 0.0269
25 0.1363
25 0.314
25 0.1513
25 0.3273
25 0.5971
25 0.646
25 0.0788
25 0.3089
25 0.3745
25 0.3113
25 0.4382
25 0.0551
25 0.2994
25 0.4674
25 0.231
25 0.2814
25 0.227
25 0.1834
25 0.3162
25 0.1278
25 0.2925
25 0.2237
25 0.0983
25 0.2538
25 0.2081
25 0.332
25 0.4915
25 0.3561
25 0.3917
