5 0.9624
5 0.7452
5 0.7962
5 0.8852
5 0.9418
5 0.8629
5 0.8587
5 0.935
5 0.9035
5 0.9018
5 0.8119
5 0.612
5 0.8853
5 0.9014
5 0.9077
5 0.8313
5 0.8153
5 0.9236
5 0.7979
5 0.7959
5 0.8629
5 0.9419
5 0.9372
5 0.8712
5 0.9051
5 0.9299
5 0.8906
5 0.8707
5 0.7593
5 0.869
5 0.9063
5 0.9792
5 0.7904
5 0.9793
5 0.9209
5 0.9495
5 0.9069
5 0.8824
5 0.9449
5 0.9543
5 0.9159
5 0.8764
5 0.9417
5 0.8511
5 0.9094
5 0.837
5 0.8967
5 0.9075
5 0.8428
5 0.8716
5 0.8602
5 0.9029
5 0.9485
5 0.9244
5 0.8693
5 0.9653
5 0.8454
5 0.9471
5 0.935
5 0.8765
5 0.9059
5 0.9166
5 0.9103
5 0.7861
5 0.8949
5 0.8571
5 0.8201
5 0.7842
5 0.9409
5 0.8333
5 0.8969
5 0.8863
5 0.9188
5 0.8232
5 0.8114
5 0.6509
5 0.9262
5 0.8752
5 0.9054
5 0.8917
5 0.9596
5 0.8581
5 0.9366
5 0.8961
5 0.9517
5 0.943
5 0.8447
5 0.9642
5 0.8856
5 0.853
5 0.8967
5 0.8428
5 0.3038
5 0.9847
5 0.9131
5 0.7924
5 0.7839
5 0.8552
5 0.8896
5 0.8693
