5 0.9203
5 0.7751
5 0.8879
5 0.6112
5 0.9279
5 0.8498
5 0.7834
5 0.8931
5 0.5566
5 0.666
5 0.9464
5 0.9163
5 0.6844
5 0.5486
5 0.5468
5 0.6807
5 0.8753
5 0.6452
5 0.8834
5 0.6571
5 0.7272
5 0.5624
5 0.5186
5 0.8383
5 0.5548
5 0.7703
5 0.7516
5 0.5277
5 0.8101
5 0.9323
5 0.6074
5 0.6895
5 0.6344
5 0.8783
5 0.6274
5 0.7598
5 0.8641
5 0.6526
5 0.5638
5 0.4901
5 0.7547
5 0.4839
5 0.5467
5 0.7166
5 0.6656
5 0.8316
5 0.5704
5 0.5968
5 0.5658
5 0.7781
5 0.664
5 0.5951
5 0.6036
5 0.7918
5 0.8899
5 0.8364
5 0.6389
5 0.5386
5 0.6249
5 0.8668
5 0.9395
5 0.8332
5 0.7897
5 0.6697
5 0.4183
5 0.6968
5 0.5756
5 0.7629
5 0.6457
5 0.723
5 0.8466
5 0.6596
5 0.8715
5 0.7958
5 0.5418
5 0.8836
5 0.6325
5 0.5564
5 0.8854
5 0.6956
5 0.5904
5 0.6885
5 0.4261
5 0.5835
5 0.748
5 0.6515
5 0.5961
5 0.6954
5 0.5322
5 0.6573
5 0.5693
5 0.6641
5 0.5902
5 0.6114
5 0.6717
5 0.7939
5 0.6606
5 0.8143
5 0.8775
5 0.8134
