10 0.7502
10 0.7544
10 0.597
10 0.673
10 0.809
10 0.8474
10 0.4132
10 0.7662
10 0.779
10 0.7763
10 0.7631
10 0.7962
10 0.7455
10 0.8629
10 0.671
10 0.8201
10 0.8109
10 0.5283
10 0.8728
10 0.8665
10 0.828
10 0.8584
10 0.8044
10 0.9445
10 0.8662
10 0.9238
10 0.733
10 0.8451
10 0.777
10 0.7184
10 0.7952
10 0.9065
10 0.8613
10 0.8567
10 0.8006
10 0.8105
10 0.777
10 0.8956
10 0.8278
10 0.873
10 0.5287
10 0.7956
10 0.9007
10 0.7119
10 0.8715
10 0.8721
10 0.6687
10 0.6963
10 0.9289
10 0.9247
10 0.6989
10 0.8381
10 0.8575
10 0.9302
10 0.9442
10 0.7319
10 0.8043
10 0.8682
10 0.8827
10 0.9464
10 0.8941
10 0.9452
10 0.8521
10 0.8752
10 0.9317
10 0.3788
10 0.7827
10 0.941
10 0.8534
10 0.8221
10 0.7956
10 0.7767
10 0.9119
10 0.8409
10 0.8116
10 0.7517
10 0.8079
10 0.8576
10 0.8338
10 0.8241
10 0.3869
10 0.8213
10 0.916
10 0.7583
10 0.6124
10 0.8148
10 0.4931
10 0.8492
10 0.7835
10 0.9496
10 0.6039
10 0.8165
10 0.8709
10 0.772
10 0.8389
10 0.7624
10 0.7831
10 0.9471
10 0.7102
10 0.9471
