10 0.2172
10 0.3322
10 0.2236
10 0.3656
10 0.2783
10 0.3979
10 0.0507
10 0.3954
10 0.2891
10 0.4647
10 0.2764
10 0.7211
10 0.2542
10 0.292
10 0.2388
10 0.3411
10 0.3311
10 0.2602
10 0.3214
10 0.2764
10 0.4889
10 0.1791
10 0.3479
10 0.2713
10 0.2509
10 0.2459
10 0.4335
10 0.1239
10 0.2706
10 0.5347
10 0.0782
10 0.3004
10 0.3708
10 0.226
10 0.2954
10 0.2289
10 0.2426
10 0.3455
10 0.1772
10 0.2294
10 0.2489
10 0.2683
10 0.2832
10 0.3422
10 0.2546
10 0.4446
10 0.3575
10 0.2001
10 0.2491
10 0.2542
10 0.1734
10 0.4078
10 0.0901
10 0.1815
10 0.0352
10 0.1914
10 0.2352
10 0.3013
10 0.2083
10 0.2003
10 0.1709
10 0.2368
10 0.3768
10 0.2845
10 0.309
10 0.4092
10 0.3737
10 0.2902
10 0.2949
10 0.373
10 0.359
10 0.2161
10 0.2697
10 0.1862
10 0.2347
10 0.2304
10 0.1937
10 0.2216
10 0.2968
10 0.4861
10 0.3649
10 0.2497
10 0.3445
10 0.3049
10 0.4116
10 0.3952
10 0.3691
10 0.3448
10 0.2505
10 0.387
10 0.1716
10 0.2813
10 0.1768
10 0.2523
10 0.2617
10 0.2461
10 0.204
10 0.319
10 0.1006
10 0.3702
