15 0.4339
15 0.477
15 0.473
15 0.1692
15 0.3435
15 0.3273
15 0.7598
15 0.5847
15 0.3873
15 0.5981
15 0.5904
15 0.3369
15 0.6533
15 0.2063
15 0.3637
15 0.332
15 0.4646
15 0.58
15 0.5172
15 0.6032
15 0.347
15 0.6077
15 0.4883
15 0.6268
15 0.3812
15 0.4172
15 0.5233
15 0.4469
15 0.4625
15 0.36
15 0.8307
15 0.4408
15 0.4362
15 0.2262
15 0.567
15 0.5266
15 0.6035
15 0.0363
15 0.6044
15 0.3914
15 0.5743
15 0.6388
15 0.4773
15 0.6183
15 0.7406
15 0.4092
15 0.6985
15 0.4415
15 0.5653
15 0.4786
15 0.0659
15 0.4505
15 0.3543
15 0.4485
15 0.46
15 0.7173
15 0.6501
15 0.5451
15 0.7387
15 0.5747
15 0.5631
15 0.3743
15 0.5379
15 0.5052
15 0.271
15 0.4887
15 0.509
15 0.4005
15 0.4583
15 0.6274
15 0.2733
15 0.638
15 0.494
15 0.4306
15 0.3591
15 0.7999
15 0.3606
15 0.4754
15 0.6452
15 0.05
15 0.3552
15 0.2975
15 0.3725
15 0.6576
15 0.3382
15 0.6744
15 0.4447
15 0.6825
15 0.5276
15 0.4569
15 0.4119
15 0.6207
15 0.3914
15 0.2075
15 0.4243
15 0.4158
15 0.2462
15 0.3762
15 0.5079
15 0.3972
