1 0.9664
1 0.9987
1 0.874
1 0.7424
1 0.6968
1 0.8748
1 0.6852
1 0.7822
1 0.4755
1 0.7818
1 0.5727
1 0.9866
1 0.7939
1 0.7952
1 0.9215
1 0.8999
1 0.7708
1 0.7968
1 0.2737
1 0.6827
1 0.8917
1 0.5253
1 0.7934
1 0.7067
1 0.7942
1 0.8943
1 0.5859
1 0.7259
1 0.7815
1 0.679
1 0.8141
1 0.8712
1 0.7828
1 0.8918
1 0.8964
1 0.7996
1 0.892
1 0.9871
1 0.7786
1 0.7189
1 0.6972
1 0.8647
1 0.6218
1 0.575
1 0.6244
1 0.8442
1 0.9746
1 0.9843
1 0.8524
1 0.8629
1 0.7852
1 0.8371
1 0.7957
1 0.889
1 0.9738
1 0.9769
1 0.8987
1 0.8754
1 0.8089
1 0.6447
1 0.6424
1 0.8329
1 0.7171
1 0.7943
1 0.8862
1 0.6865
1 0.9957
1 0.7773
1 0.8515
1 0.8998
1 0.697
1 0.7997
1 0.8963
1 0.8999
1 0.6126
1 0.8334
1 0.8924
1 0.2929
1 0.9999
1 0.4831
1 0.2971
1 0.8862
1 0.7953
1 0.6941
1 0.6202
1 0.7953
1 0.7966
1 0.7701
1 0.8422
1 0.6535
1 0.6251
1 0.8969
1 0.775
1 0.4152
1 0.7552
1 0.8956
1 0.7933
1 0.7897
1 0.7964
1 0.8864
