25 0.226
25 0.2168
25 0.0418
25 0.1299
25 0.1214
25 0.1105
25 0.1383
25 0.1718
25 0.1398
25 0.2605
25 0.1213
25 0.1837
25 0.0803
25 0.2211
25 0.1796
25 0.1846
25 0.081
25 0.2538
25 0.1109
25 0.1776
25 0.2618
25 0.08
25 0.206
25 0.0972
25 0.1241
25 0.1178
25 0.1214
25 0.0777
25 0.1705
25 0.2624
25 0.2245
25 0.2218
25 0.2437
25 0.204
25 0.1207
25 0.097
25 0.0879
25 0.0843
25 0.1913
25 0.07
25 0.1541
25 0.1716
25 0.2225
25 0.1177
25 0.225
25 0.1107
25 0.1528
25 0.1653
25 0.0886
25 0.1482
25 0.1268
25 0.1331
25 0.0778
25 0.1682
25 0.236
25 0.2091
25 0.1139
25 0.0682
25 0.2626
25 0.114
25 0.1492
25 0.1171
25 0.1608
25 0.1356
25 0.2233
25 0.0778
25 0.0784
25 0.1473
25 0.082
25 0.1968
25 0.1882
25 0.2591
25 0.2347
25 0.1189
25 0.1268
25 0.076
25 0.1717
25 0.1062
25 0.1447
25 0.1693
25 0.2201
25 0.1468
25 0.226
25 0.2283
25 0.1268
25 0.1515
25 0.0856
25 0.15
25 0.1691
25 0.1325
25 0.1185
25 0.0853
25 0.1
25 0.0834
25 0.1735
25 0.0872
25 0.2219
25 0.1444
25 0.186
25 0.192
