30 0.166
30 0.3274
30 0.2192
30 0.2015
30 0.4376
30 0.2491
30 0.4638
30 0.451
30 0.1359
30 0.3535
30 0.55
30 0.083
30 0.2394
30 0.7145
30 0.1694
30 0.42
30 0.312
30 0.2752
30 0.6233
30 0.0827
30 0.0825
30 0.2879
30 0.2031
30 0.189
30 0.1417
30 0.5044
30 0.2778
30 0.252
30 0.2438
30 0.0549
30 0.1502
30 0.176
30 0.0977
30 0.2537
30 0.3597
30 0.5555
30 0.1616
30 0.2504
30 0.2358
30 0.2822
30 0.5979
30 0.3841
30 0.5838
30 0.2281
30 0.2215
30 0.2033
30 0.3133
30 0.0414
30 0.1639
30 0.431
30 0.0791
30 0.6972
30 0.0684
30 0.1429
30 0.2617
30 0.0527
30 0.2529
30 0.0478
30 0.1897
30 0.3669
30 0.4372
30 0.337
30 0.399
30 0.2976
30 0.2209
30 0.1322
30 0.1414
30 0.5845
30 0.2369
30 0.322
30 0.1951
30 0.1231
30 0.1559
30 0.2724
30 0.0492
30 0.1891
30 0.1042
30 0.3809
30 0.5254
30 0.3123
30 0.1666
30 0.7736
30 0.701
30 0.1146
30 0.096
30 0.1366
30 0.1159
30 0.3512
30 0.3762
30 0.5124
30 0.3238
30 0.3546
30 0.1718
30 0.6903
30 0.6621
30 0.1995
30 0.2862
30 0.4139
30 0.201
30 0.578
