10 0
10 0
10 0.7557
10 0
10 0
10 0
10 0.5607
10 0.7968
10 0
10 0
10 0
10 0
10 0.7446
10 0.8891
10 0.5514
10 0
10 0
10 0.4419
10 0.6063
10 0
10 0.6204
10 0.7606
10 0.8191
10 0.7825
10 0.7777
10 0
10 0
10 0
10 0.7764
10 0.8701
10 0
10 0.7781
10 0
10 0.839
10 0.6875
10 0.9944
10 0
10 0
10 0.7649
10 0
10 0.837
10 0
10 0
10 0.6212
10 0
10 0
10 0.7852
10 0.7716
10 0
10 0.7778
10 0.9552
10 0
10 0.6286
10 0.5694
10 0
10 0
10 0.6359
10 0.8129
10 0.2745
10 0.3848
10 0
10 0.4257
10 0
10 0
10 0
10 0.619
10 0
10 0
10 0
10 0
10 0
10 0
10 0.7485
10 0
10 0
10 0
10 0.4109
10 0.6465
10 0.7251
10 0
10 0.8879
10 0.6127
10 0
10 0
10 0
10 0.973
10 0
10 0
10 0
10 0
10 0.4534
10 0.8616
10 0
10 0
10 0.46
10 0.6044
10 0
10 0.6286
10 0.8142
10 0.7531
