0 39 0.770585
0 48 0.565532
0 36 0.577517
0 1 0.644378
0 22 0.732168
0 46 0.609148
0 12 0.786117
0 30 0.719378
0 42 0.676834
0 9 0.638544
0 47 0.76202
36 14 0.64127
39 34 0.763344
42 40 0.780778
12 40 0.626399
47 31 0.798459
46 40 0.756097
12 27 0.793352
47 40 0.517706
46 27 0.66906
9 10 0.512245
48 10 0.673059
42 31 0.723902
42 27 0.670967
30 27 0.65219
47 10 0.745299
22 10 0.650652
48 27 0.575391
36 27 0.745332
48 34 0.591807
36 34 0.654429
22 31 0.790552
48 14 0.627164
22 34 0.729795
36 10 0.73751
30 14 0.512497
48 31 0.689847
42 14 0.666936
47 27 0.536019
22 27 0.531958
9 40 0.708026
47 34 0.50886
1 14 0.541122
47 14 0.545316
39 14 0.689547
48 40 0.656478
9 34 0.598154
12 34 0.511815
39 31 0.602123
1 27 0.797513
31 21 0.547181
40 21 0.588234
34 21 0.60036
34 29 0.598598
14 43 0.728079
27 43 0.586457
31 4 0.612204
34 43 0.726884
10 4 0.568117
31 41 0.537127
27 11 0.685154
27 41 0.593463
14 8 0.709274
31 29 0.707646
27 8 0.563241
40 11 0.628823
31 8 0.525876
40 8 0.554394
34 41 0.527309
34 11 0.667642
14 29 0.633891
27 4 0.572118
34 4 0.705617
34 8 0.73872
40 41 0.718534
31 7 0.69561
14 41 0.743297
14 11 0.624811
40 29 0.700916
10 8 0.511036
27 29 0.751444
31 11 0.536956
10 41 0.566422
27 7 0.678887
40 7 0.560029
10 7 0.585841
14 4 0.749712
10 43 0.612278
7 20 0.517165
8 3 0.702069
29 18 0.619954
11 25 0.684762
7 26 0.795305
4 26 0.750094
7 33 0.637511
29 2 0.779912
11 37 0.561786
11 32 0.738011
41 19 0.762515
21 16 0.700275
43 16 0.531276
41 3 0.75555
21 20 0.64917
29 33 0.524589
29 26 0.546389
7 18 0.766402
11 15 0.716794
43 25 0.597336
7 32 0.689686
43 15 0.73275
21 2 0.769436
11 20 0.579259
11 3 0.558818
43 2 0.680103
4 33 0.647939
4 20 0.61491
7 15 0.696403
41 16 0.795239
43 3 0.687878
29 19 0.564016
21 15 0.717405
41 37 0.669924
11 2 0.544969
21 26 0.62605
21 33 0.774716
8 20 0.652368
43 26 0.514527
4 3 0.559905
41 18 0.531452
43 18 0.581535
41 26 0.545142
29 25 0.77782
29 3 0.612204
4 37 0.654642
8 15 0.523547
41 2 0.658728
8 25 0.59777
4 19 0.556509
29 20 0.773567
41 20 0.695918
21 19 0.710951
11 26 0.504277
41 25 0.574982
43 19 0.799996
8 32 0.520863
8 18 0.695256
8 2 0.538841
43 33 0.719092
7 2 0.64578
43 32 0.632156
8 19 0.618284
8 33 0.672831
41 15 0.631658
7 19 0.75272
19 6 0.54248
19 28 0.720514
15 35 0.662898
16 35 0.61613
37 23 0.681685
26 13 0.66886
15 5 0.518213
26 35 0.58152
3 28 0.547117
19 38 0.522349
16 5 0.729526
37 24 0.531465
3 35 0.633383
32 38 0.679212
16 24 0.577858
3 23 0.75744
32 44 0.524529
3 44 0.629179
20 6 0.660132
2 35 0.556016
2 38 0.683369
33 6 0.605928
3 45 0.782619
25 6 0.588816
37 17 0.757326
15 24 0.729616
37 13 0.634484
15 13 0.708305
3 38 0.781114
20 35 0.553258
33 13 0.557958
26 5 0.580172
26 23 0.516016
18 6 0.769784
20 24 0.686357
33 23 0.683528
15 45 0.642071
25 38 0.675047
20 45 0.549824
20 28 0.726288
19 23 0.543885
18 23 0.750898
25 35 0.642739
2 17 0.583626
16 28 0.604698
26 28 0.506827
3 5 0.716444
25 28 0.513778
16 23 0.783206
26 38 0.684999
32 5 0.732595
2 23 0.601855
32 13 0.509327
3 17 0.671843
20 13 0.716707
19 45 0.685546
20 23 0.731749
19 35 0.734627
33 38 0.790732
19 17 0.535501
25 45 0.737425
33 5 0.563427
20 44 0.696615
37 44 0.658033
19 5 0.722612
16 44 0.683769
18 17 0.633377
26 24 0.741958
15 44 0.549112
26 45 0.733275
26 17 0.605603
17 49 0.743221
5 49 0.603426
13 49 0.739894
44 49 0.547165
35 49 0.699961
28 49 0.551081
6 49 0.766027
23 49 0.514738
38 49 0.654807
45 49 0.55533
24 49 0.780822
