0 7 0.643278
0 45 0.778025
0 46 0.665824
0 25 0.626409
0 44 0.500591
25 14 0.615375
25 41 0.613417
25 9 0.646913
46 17 0.663989
45 20 0.617754
44 34 0.688618
25 19 0.79476
45 19 0.796163
12 33 0.61733
7 20 0.725139
12 41 0.651587
25 6 0.537916
25 20 0.576124
44 9 0.682901
7 41 0.630558
44 20 0.737199
44 19 0.500434
20 26 0.530879
34 26 0.665407
17 26 0.686622
33 29 0.719492
9 35 0.711766
20 35 0.740726
14 29 0.574475
6 26 0.74624
34 36 0.582987
14 35 0.746532
33 1 0.769365
19 8 0.613963
17 29 0.712266
38 3 0.548918
1 2 0.732795
35 28 0.763207
26 40 0.663724
8 3 0.687385
8 28 0.734071
26 28 0.70098
8 2 0.792296
29 3 0.779736
38 27 0.764268
3 15 0.779943
3 4 0.70864
28 48 0.707201
40 48 0.513886
2 22 0.713917
28 15 0.647735
2 10 0.657924
28 31 0.669634
3 10 0.684873
47 48 0.50798
27 48 0.617027
4 37 0.73403
48 24 0.758365
10 21 0.738193
4 5 0.62658
15 24 0.670104
10 23 0.740405
31 5 0.732824
31 21 0.791307
10 42 0.501695
42 32 0.693444
21 43 0.649159
5 16 0.730298
37 32 0.751338
21 11 0.76974
42 13 0.651249
5 43 0.794884
5 18 0.623689
24 13 0.644321
5 13 0.617137
42 30 0.7532
23 39 0.537769
37 30 0.682029
13 49 0.592853
43 49 0.716236
16 49 0.769632
39 49 0.798446
32 49 0.510456
30 49 0.695146
18 49 0.667885
11 49 0.794789
