0 8 0.644992
0 27 0.567573
0 24 0.565663
0 18 0.51519
0 46 0.774427
0 10 0.500167
0 42 0.623407
27 47 0.749746
8 26 0.594762
18 2 0.522805
42 17 0.545339
46 47 0.700423
27 29 0.582713
24 47 0.531756
24 29 0.693923
42 29 0.707229
10 2 0.559611
27 26 0.646125
27 21 0.795982
46 26 0.538178
8 17 0.734753
10 17 0.694537
18 17 0.788357
10 21 0.671394
18 29 0.689977
21 23 0.664875
2 23 0.58709
21 40 0.777197
17 31 0.716061
26 40 0.525292
21 12 0.723095
29 32 0.656169
29 23 0.688707
26 7 0.717704
20 7 0.674342
2 12 0.69264
20 31 0.558192
26 32 0.585048
47 7 0.68906
20 23 0.550665
29 12 0.670917
17 32 0.546668
47 23 0.744084
23 33 0.625509
12 28 0.615434
23 43 0.769252
23 30 0.643236
31 30 0.558614
23 13 0.776328
32 43 0.614143
31 33 0.663041
12 30 0.761871
31 43 0.623436
40 33 0.62721
31 45 0.522962
12 43 0.641931
7 35 0.579028
40 43 0.77704
40 45 0.673328
12 33 0.632385
43 14 0.615841
35 16 0.693616
13 1 0.625934
33 1 0.711104
13 3 0.729454
45 38 0.50775
43 6 0.78704
30 41 0.779013
33 16 0.51143
33 3 0.758074
43 16 0.545396
13 6 0.513489
28 1 0.51699
28 6 0.584584
43 38 0.696941
35 3 0.690129
43 22 0.594576
43 41 0.507205
30 16 0.695676
28 22 0.783605
30 6 0.685858
28 14 0.723584
30 38 0.686492
22 36 0.777323
16 4 0.761918
6 37 0.531274
14 44 0.518342
6 5 0.758243
14 4 0.764638
14 37 0.579681
6 4 0.792257
38 4 0.642819
22 19 0.525353
1 5 0.62055
14 36 0.713053
38 19 0.775883
16 39 0.552832
3 44 0.699854
1 37 0.529778
41 44 0.505665
6 19 0.675739
3 37 0.557722
6 36 0.765816
6 44 0.617979
14 39 0.565507
41 4 0.726899
38 5 0.610266
44 25 0.613492
39 11 0.614939
4 15 0.655289
39 25 0.516605
44 48 0.657851
4 11 0.639447
36 11 0.586563
37 48 0.573483
19 25 0.715813
5 25 0.545022
36 48 0.673856
5 11 0.674892
19 15 0.675025
44 9 0.747141
44 34 0.51917
5 9 0.698087
5 34 0.790231
19 48 0.695739
34 49 0.780386
9 49 0.773704
25 49 0.768166
11 49 0.612493
15 49 0.78846
48 49 0.660464
