0 8 0.512386
0 13 0.545977
0 9 0.55583
0 38 0.567576
0 23 0.570121
0 6 0.651905
0 7 0.734654
0 26 0.7753
0 30 0.728844
26 44 0.669887
7 44 0.728304
6 20 0.619219
13 31 0.726314
6 29 0.728047
30 48 0.763494
13 29 0.678078
9 44 0.703824
38 44 0.696724
7 17 0.745427
7 31 0.728332
9 31 0.577698
9 11 0.649201
23 48 0.610329
6 17 0.734968
26 17 0.763229
8 17 0.581275
8 31 0.604047
6 31 0.567085
23 5 0.525275
23 11 0.688809
26 11 0.773856
23 31 0.549035
30 44 0.63983
23 17 0.699386
7 20 0.761671
9 20 0.576114
13 27 0.710236
8 29 0.504996
23 20 0.643132
30 27 0.712958
8 48 0.766998
23 44 0.627573
38 29 0.674075
8 5 0.735804
7 48 0.543664
38 48 0.569825
38 11 0.506971
13 20 0.655173
23 27 0.633209
9 27 0.773499
6 48 0.521271
31 34 0.574383
20 43 0.639573
27 41 0.615412
48 43 0.792614
5 47 0.798763
31 47 0.55961
29 43 0.657294
20 42 0.740282
27 47 0.778581
48 24 0.579495
5 41 0.720557
11 24 0.644871
20 37 0.743264
17 47 0.69482
5 34 0.557763
17 42 0.699921
27 36 0.642862
11 47 0.534154
17 46 0.654712
11 43 0.77156
11 34 0.503604
5 28 0.510626
31 41 0.574896
31 37 0.509007
44 43 0.647596
27 42 0.647577
11 46 0.582651
11 37 0.661826
11 41 0.742426
48 33 0.501607
11 36 0.529613
29 24 0.61433
27 33 0.681884
48 47 0.5998
29 36 0.747
20 24 0.624614
27 28 0.681338
11 42 0.717066
20 34 0.767692
20 36 0.761104
44 42 0.717237
44 28 0.722015
5 37 0.663207
29 41 0.596984
48 28 0.599208
17 43 0.726289
48 34 0.556311
31 28 0.524214
44 37 0.761634
17 34 0.677868
17 36 0.592864
27 24 0.685837
36 40 0.744168
28 25 0.66929
34 45 0.515074
41 18 0.786899
43 14 0.614814
28 35 0.685799
37 45 0.697116
47 2 0.684856
43 40 0.691555
46 12 0.705339
42 25 0.725822
36 45 0.525815
47 10 0.675085
36 35 0.70659
47 45 0.763266
33 14 0.725155
33 40 0.649737
37 18 0.511421
24 35 0.61421
46 14 0.570998
46 35 0.643457
36 10 0.576593
33 25 0.536362
24 25 0.672671
46 2 0.693779
41 14 0.504891
34 10 0.638766
33 10 0.544201
42 35 0.625677
46 40 0.716137
36 2 0.561277
28 18 0.634261
42 45 0.618407
28 2 0.793292
41 45 0.513947
47 12 0.625627
43 10 0.670593
37 40 0.547439
34 12 0.653385
18 15 0.696088
25 3 0.630934
35 16 0.671562
18 1 0.605601
25 15 0.580218
14 15 0.708892
10 16 0.606268
10 19 0.648374
40 3 0.679514
18 3 0.728542
12 15 0.58962
2 15 0.583272
45 22 0.632883
2 32 0.7426
18 21 0.71047
25 22 0.606467
18 4 0.581607
14 4 0.688342
14 21 0.602359
35 32 0.748189
45 1 0.701034
18 39 0.578784
2 16 0.558791
14 3 0.539678
2 3 0.617882
45 19 0.631133
25 32 0.587028
2 4 0.564048
12 16 0.612294
12 32 0.613773
10 1 0.680473
12 1 0.689885
40 19 0.692714
45 15 0.690505
40 32 0.603192
18 19 0.591334
10 4 0.628417
12 19 0.723246
3 49 0.58605
19 49 0.580514
15 49 0.59827
22 49 0.588753
21 49 0.501304
1 49 0.782302
39 49 0.768314
4 49 0.643533
16 49 0.732289
32 49 0.633806
