7 16 0.599898
22 45 0.72817
36 39 0.728406
29 33 0.654958
5 37 0.53983
16 48 0.700256
18 41 0.695804
1 17 0.544337
40 43 0.746829
29 37 0.760686
10 44 0.533359
17 24 0.550193
10 42 0.675151
30 40 0.655892
3 6 0.728209
43 47 0.718529
3 8 0.602903
23 33 0.718896
14 15 0.794909
7 49 0.711058
14 25 0.662381
14 23 0.590321
34 41 0.536164
28 29 0.537179
21 42 0.639746
8 37 0.569291
36 48 0.715886
6 34 0.7269
2 25 0.555898
16 25 0.576002
3 30 0.758466
17 45 0.603596
3 7 0.661521
21 44 0.749373
1 40 0.618086
1 8 0.797675
43 48 0.668362
7 24 0.784232
37 49 0.760443
35 41 0.596482
44 45 0.645565
29 46 0.657858
12 30 0.678577
14 27 0.631707
20 49 0.702256
14 30 0.545152
23 35 0.580502
0 4 0.755095
6 11 0.669477
22 29 0.642023
22 33 0.568692
21 40 0.75097
22 31 0.66486
40 42 0.533991
13 34 0.548055
15 24 0.681618
25 48 0.655791
13 44 0.659936
19 38 0.551528
14 36 0.53915
37 42 0.631124
12 28 0.747877
18 20 0.680897
3 43 0.659622
1 13 0.738047
32 33 0.726778
22 43 0.655366
19 42 0.726961
12 25 0.516538
2 12 0.574681
11 19 0.704812
7 35 0.648515
18 33 0.550502
5 25 0.786206
48 49 0.745577
3 31 0.791693
10 16 0.55089
13 48 0.793293
7 25 0.683891
6 12 0.775884
18 23 0.796973
8 41 0.564155
28 48 0.638921
32 37 0.572526
9 37 0.5568
5 7 0.581222
14 16 0.783478
26 43 0.665178
35 40 0.783334
1 16 0.649141
2 13 0.527344
18 48 0.761204
40 47 0.728745
16 22 0.66521
1 49 0.699623
7 27 0.519599
29 30 0.69078
15 32 0.675142
23 31 0.697114
5 26 0.757799
5 6 0.506923
25 28 0.778022
19 21 0.539441
11 16 0.666003
7 18 0.676058
9 47 0.660114
8 21 0.540729
31 33 0.612658
5 30 0.528289
7 14 0.558501
2 34 0.657448
11 39 0.616736
12 16 0.689914
6 22 0.716219
18 24 0.63368
29 34 0.622932
7 19 0.67588
17 47 0.615444
38 47 0.658865
28 42 0.765821
41 43 0.628691
0 33 0.595768
5 24 0.750643
2 43 0.545822
26 47 0.573525
15 29 0.743459
2 40 0.769238
12 39 0.764549
15 21 0.79163
2 10 0.541976
1 31 0.754459
36 49 0.745008
13 21 0.768266
17 35 0.675169
47 48 0.565764
15 35 0.711552
31 44 0.504595
38 43 0.741252
20 42 0.795743
15 37 0.67104
20 46 0.597296
6 8 0.606519
40 44 0.634548
29 44 0.623025
0 47 0.523955
19 43 0.668861
0 16 0.727859
7 17 0.686569
2 49 0.74395
26 41 0.778963
25 37 0.795675
9 45 0.571085
17 41 0.521624
22 35 0.616005
13 41 0.760244
31 45 0.740703
2 47 0.635942
0 41 0.617567
7 38 0.558106
22 47 0.63197
6 25 0.632806
1 24 0.626794
6 15 0.620392
8 44 0.756491
3 41 0.644809
21 30 0.544891
5 42 0.646509
27 30 0.780779
9 19 0.706581
21 33 0.559337
0 27 0.658761
10 34 0.668918
2 21 0.63998
11 12 0.61679
28 31 0.787132
19 48 0.755984
29 43 0.644528
23 37 0.558569
19 27 0.541266
3 12 0.557605
2 15 0.771813
38 42 0.595849
3 20 0.69305
3 11 0.543896
38 44 0.549425
6 49 0.683068
12 48 0.741672
24 45 0.656949
18 21 0.674323
0 20 0.797717
23 25 0.738141
1 35 0.748538
36 46 0.696467
15 44 0.73289
12 47 0.691452
8 26 0.706878
2 19 0.553518
24 48 0.768641
0 12 0.75508
